6196 7155 10
6196 8184 9
6196 734 8
6196 4820 7
6196 6665 6
6196 608 5
6196 7933 4
6196 5180 4
6196 7084 3
6196 4376 3
5180 7584 11
5180 3156 4
5180 6196 3
5180 7725 3
5180 7084 3
734 1615 11
734 5494 10
734 4376 9
734 4820 9
734 8184 9
734 7084 8
734 6196 5
7584 5494 10
7584 7084 9
7584 5180 9
7084 5494 10
7084 7584 9
7084 734 8
7084 7933 7
7084 2645 7
7084 608 7
7084 5209 6
7084 4376 5
7084 3156 4
7084 6196 3
7084 5180 3
4802 7155 1
1542 505 2
200 4432 1
200 1519 1
200 7886 1
5209 7155 9
5209 6196 6
5209 7084 6
5209 1519 1
5209 4608 1
5209 693 1
5209 4376 1
4376 734 11
4376 5494 10
4376 7084 5
4376 608 3
4376 6196 3
4376 697 3
4376 7155 1
608 5180 7
608 7084 7
608 6196 5
608 4376 1
570 1051 1
570 231 1
570 4608 1
7155 5209 9
7155 6196 5
1519 4432 1
1519 608 1
1519 5932 1
1519 4608 1
1519 5209 1
1519 5400 1
1519 200 1
1519 4755 1
8184 8184 10
8184 6196 9
8184 734 9
4432 7552 1
4432 1519 1
4432 7886 1
4432 200 1
2932 7556 4
7933 4376 4
7933 7636 4
7933 6196 4
7089 7556 3
7886 4432 1
4820 7084 11
4820 734 11
4820 7155 11
4820 5180 11
4820 7584 9
4820 6196 7
697 4376 3
697 7636 3
8416 4376 2
2016 6196 5
1051 4802 1
1051 608 1
43 4802 1
7114 1764 1
7114 4376 1
7114 6537 1
7114 5370 1
6075 200 2
7480 2518 3
2518 7480 3
2518 7636 3
2518 4376 3
1829 4432 1
1829 231 1
1829 7886 1
6972 5038 1
6972 608 1
6972 5209 1
6972 8087 1
6972 3567 1
6972 5588 1
6972 4567 1
4608 6196 4
4608 7084 3
4608 5209 1
5063 163 2
5370 7114 1
3156 2188 5
3156 5180 5
551 7636 2
6679 6679 5
5400 1519 1
4518 5209 1
4518 1180 1
4518 4831 1
6500 7084 3
2161 4432 1
2161 200 1
2161 5588 1
4755 1519 1
505 1542 2
5932 4376 1
5932 1519 1
7552 4432 1
2037 5400 1
2037 4432 1
2037 8087 1
782 2161 1
6665 608 6
6665 6196 5
567 7636 3
1123 7636 2
1123 231 1
2645 4820 8
2645 4376 5
2645 7084 5
2645 6196 5
5588 6972 1
1884 1764 1
1047 7886 1
7539 6196 4
7539 231 2
4738 231 1
8012 8012 3
432 5461 1
1180 4831 1
1180 4518 1
6537 7114 1
5210 5981 1
3550 8081 2
3550 299 1
3379 608 1
3449 7155 1
3449 4802 1
3449 231 1
2532 7636 2
2532 4518 1
1917 7638 1
2154 231 1
462 4802 1
3567 4432 1
3567 6972 1
3567 5981 1
3567 5588 1
7136 5209 1
7725 5180 3
7725 7084 3
5064 3156 4
2188 3156 5
944 4820 8
5494 734 10
5494 7084 10
5494 6196 10
5494 4376 10
5494 7584 10
4640 1519 1
3433 231 1
3433 4376 1
5981 5210 1
5981 3567 1
6877 231 1
8514 7246 1
4555 1519 1
4555 4376 1
4831 1180 1
4831 4518 1
7246 4802 1
7246 5209 1
7246 8514 1
693 5209 1
5399 5038 1
3042 7725 4
