2072 4351 10
2072 6133 8
2072 5400 7
2072 5496 6
2072 7745 6
2072 3356 6
2072 2824 4
2072 2730 3
2072 7519 3
2072 2072 3
2072 6293 2
2072 94 2
2072 7264 2
2072 8263 2
2084 8010 10
2084 5496 9
2084 4548 6
2084 3953 6
2084 4996 6
2084 2934 5
2084 5505 5
2084 6217 5
2084 5041 5
2084 7112 4
2084 5241 4
2084 215 4
2084 3356 4
2084 5415 4
215 4351 10
215 7070 9
215 5541 6
215 2084 5
215 4996 5
215 5089 5
215 8359 5
215 7110 5
215 5426 5
215 6159 4
215 8169 4
215 2034 4
215 5496 4
215 3953 3
215 5241 3
215 5041 3
215 5415 3
215 5032 3
215 215 3
215 4548 2
215 3830 2
215 659 2
215 3888 2
7244 5733 8
7244 3953 5
7244 7112 5
7244 6210 4
7244 322 4
7244 7745 4
7244 7264 4
7244 7089 2
7244 4776 2
7244 3874 2
7244 8010 2
7244 94 2
7244 4570 2
7244 6364 2
7244 6508 2
7244 8437 1
7244 8002 1
2730 5381 11
2730 2084 10
2730 1756 10
2730 5432 9
2730 8184 9
2730 2832 8
2730 8010 7
2730 2730 7
2730 4934 6
2730 5733 6
2730 5495 6
2730 47 5
2730 7745 4
2730 3953 4
2730 8206 4
2730 3356 4
2730 2072 3
2730 5041 3
2730 3714 3
2730 4996 2
2730 4628 2
2730 5505 2
2730 7264 1
5415 7973 9
5415 4351 6
5415 5505 5
5415 7745 4
5415 4996 4
5415 2084 4
5415 215 3
5415 3953 3
4996 5432 10
4996 4996 8
4996 2633 8
4996 7264 7
4996 3022 7
4996 6441 6
4996 2084 6
4996 2047 5
4996 5733 5
4996 8010 5
4996 3356 5
4996 5089 5
4996 215 5
4996 4548 5
4996 7745 4
4996 5415 4
4996 3953 4
4996 5495 3
4996 4376 3
4996 1558 3
4996 2993 2
4996 2730 2
5173 1028 9
5173 5089 5
5173 3635 5
5173 3356 4
5173 3427 4
5173 5496 4
5173 1767 2
5173 6589 2
5173 8386 1
5173 1942 1
5173 5381 1
5173 5400 1
5173 2389 1
5173 2659 1
5173 5025 1
5173 1700 1
5241 5505 5
5241 2195 5
5241 1756 5
5241 2084 4
5241 3142 4
5241 3953 3
5241 5041 3
5241 215 3
5241 3902 3
5241 1264 3
5241 4548 3
5241 1258 3
5241 3714 3
5241 659 3
5089 4617 10
5089 5541 6
5089 5496 6
5089 5173 5
5089 2730 5
5089 215 5
5089 5664 5
5089 3874 5
5089 3635 5
5089 3356 5
5089 4996 5
5089 8206 5
5089 2659 5
5089 8169 5
5599 3953 9
5599 2072 9
5599 8184 9
5599 2084 5
5041 5415 10
5041 2084 9
5041 3356 5
5041 1645 5
5041 5534 5
5041 6124 4
5041 5496 3
5041 5241 3
5041 215 3
5041 1266 3
5041 7519 2
5041 3953 2
5041 2730 2
5041 5041 2
5041 90 2
7264 7473 10
7264 4629 8
7264 7745 8
7264 3356 8
7264 3845 8
7264 1028 8
7264 1615 8
7264 6999 7
7264 8010 7
7264 4351 7
7264 7636 7
7264 1756 7
7264 6852 7
7264 1961 7
7264 4996 7
7264 215 7
7264 2832 7
7264 7148 7
7264 3784 7
7264 8169 7
7264 3022 7
7264 1557 7
7264 2084 7
7264 3714 7
7264 5733 7
7264 4685 6
7264 5505 4
7264 2730 4
7264 3953 4
7264 3635 4
7264 6159 4
7264 2935 3
7264 3427 3
7264 2195 3
7264 6473 2
7264 2072 2
7264 4376 1
7264 8324 1
4548 5505 6
4548 3953 5
4548 215 5
4548 4996 4
4548 3356 4
4548 659 3
4548 2993 2
4548 4827 1
4548 5400 1
4548 3291 1
3356 8184 10
3356 7973 9
3356 215 8
3356 2104 8
3356 1645 8
3356 2211 8
3356 3784 8
3356 7264 8
3356 1028 8
3356 1547 8
3356 1311 8
3356 2072 6
3356 6526 6
3356 5496 6
3356 1615 6
3356 3476 6
3356 4528 6
3356 8010 5
3356 2645 5
3356 3953 5
3356 3263 5
3356 3635 5
3356 7374 5
3356 2935 5
3356 8161 5
3356 5041 5
3356 4093 5
3356 7814 5
3356 5664 5
3356 5676 5
3356 90 5
3356 7745 5
3356 967 5
3356 7673 5
3356 4409 5
3356 7985 5
3356 5733 5
3356 4996 5
3356 8284 5
3356 5089 5
3356 3050 4
3356 5173 4
3356 4376 4
3356 2730 4
3356 4548 4
3356 2084 4
3356 5505 1
3356 6217 1
1645 8184 10
1645 3953 5
1645 5664 4
1645 5041 4
3849 8010 6
3849 4409 5
3849 3849 5
3849 3953 5
3849 3714 5
3849 215 5
3849 5041 5
3849 7745 5
3849 2824 4
3849 477 2
3849 200 1
3849 5505 1
3953 7473 10
3953 7973 10
3953 2633 9
3953 5432 9
3953 4617 9
3953 6999 8
3953 7070 8
3953 3635 8
3953 8010 8
3953 2104 8
3953 2645 8
3953 4351 8
3953 2832 7
3953 4008 6
3953 7636 6
3953 3845 6
3953 3476 6
3953 6665 6
3953 3356 6
3953 1615 6
3953 6441 6
3953 5733 6
3953 4996 5
3953 4409 5
3953 3849 5
3953 2195 5
3953 1756 5
3953 8169 5
3953 2047 5
3953 2084 5
3953 4093 4
3953 4548 4
3953 6159 4
3953 5505 4
3953 2730 4
3953 6217 4
3953 7745 4
3953 5664 4
3953 4934 4
3953 5496 4
3953 8436 3
3953 5241 3
3953 215 3
3953 3902 3
3953 3714 3
3953 5415 3
3953 5041 2
3953 7264 2
3953 5495 1
3953 4376 1
3953 2993 1
5496 2084 9
5496 5733 6
5496 5415 6
5496 6159 6
5496 3476 6
5496 2072 6
5496 5089 6
5496 1558 6
5496 8169 4
5496 7745 4
5496 3427 4
5496 215 4
5496 3356 4
5496 5041 3
5496 5381 2
5496 3953 2
5496 5173 2
5496 2730 1
5496 5505 1
3830 659 3
3830 215 3
3830 3953 3
3830 5032 3
3830 7636 2
3830 3888 2
3830 4376 2
3830 8339 2
6217 5041 7
6217 1753 6
6217 3356 5
6217 3953 5
6217 8324 1
6217 2333 1
6217 2532 1
6217 4376 1
6217 3714 1
6217 3486 1
6217 8508 1
6217 2993 1
6217 7620 1
6217 3291 1
6217 4409 1
5505 3959 9
5505 2832 8
5505 4548 6
5505 2084 6
5505 6210 6
5505 4409 5
5505 7110 5
5505 3635 5
5505 5241 5
5505 3714 5
5505 7745 5
5505 5415 4
5505 8010 4
5505 7264 4
5505 3953 4
5505 6124 4
5505 1846 2
5505 2730 2
5505 5041 2
5505 659 2
5505 2993 1
5505 62 1
5505 4943 1
5505 8436 1
5505 8087 1
5505 5496 1
5505 1311 1
5505 3509 1
5505 3876 1
5505 3486 1
5505 4376 1
5505 1264 1
5505 3146 1
5505 3849 1
5505 3356 1
5505 200 1
4351 215 11
4351 3022 10
4351 3635 10
4351 2195 10
4351 7473 10
4351 5173 10
4351 5432 10
4351 2072 10
4351 2813 9
4351 2084 9
4351 7264 9
4351 3953 6
4351 5415 6
4351 3427 6
5032 2034 4
5032 1576 3
5032 2262 2
5032 4472 2
5032 3740 1
2628 5495 3
2628 3714 3
2628 47 3
2628 2072 3
2628 3902 3
7636 7264 7
7636 3427 3
5733 4376 10
5733 7264 7
5733 2084 7
5733 5496 6
5733 2730 6
5733 3476 6
5733 4093 6
5733 3953 6
5733 5041 5
5733 4996 5
5733 2047 5
5733 7745 5
5733 3356 5
2832 569 11
2832 5432 11
2832 4351 11
2832 3845 9
2832 215 7
2832 5505 7
2832 5241 7
2832 2730 7
2832 3953 7
2832 7264 1
4363 3953 5
6159 7846 10
6159 5496 6
6159 2030 6
6159 6874 6
6159 2730 6
6159 6473 5
6159 2047 5
6159 5541 5
6159 3050 4
6159 4528 4
6159 5664 4
6159 3953 4
6159 7546 4
6159 215 4
6159 4934 4
6159 2034 4
6159 2935 4
6159 3635 4
6159 2195 4
6159 4955 4
6159 3427 4
6159 8169 4
6159 7264 3
3902 2909 4
3902 8261 3
3902 7838 3
3902 5241 3
3902 3953 3
3902 3588 3
3902 90 3
3902 7519 3
3902 2628 3
3902 5415 3
3902 7672 3
3902 2468 3
3902 35 3
3902 8171 2
3635 1615 11
3635 2935 11
3635 2084 11
3635 4093 11
3635 2034 10
3635 5494 10
3635 2813 10
3635 569 10
3635 7846 10
3635 1645 10
3635 5182 10
3635 4351 10
3635 5432 10
3635 7070 8
3635 5173 8
3635 2195 8
3635 3953 8
3635 1028 8
3635 5089 5
3635 2730 4
3635 3427 4
3635 4934 4
3635 215 4
3635 617 4
3635 6159 4
3635 7264 4
5381 215 11
5381 5496 2
5381 1767 2
5381 7814 2
5381 3874 2
5381 1700 2
5381 2730 2
5381 8087 1
5381 6473 1
5381 5173 1
5381 3829 1
5381 2477 1
2195 3635 10
2195 6874 6
2195 8284 5
2195 4528 5
2195 6159 4
2195 2034 4
2195 6500 4
2195 8169 4
2195 2477 3
2195 7264 3
2195 2935 3
2195 6473 3
5685 7519 3
7112 5041 8
7112 215 5
7112 7110 5
7112 7244 5
7112 3953 4
7112 2084 4
7112 7745 4
7112 8324 4
1542 505 2
1542 215 2
1542 3888 2
1542 3978 1
200 4432 1
200 6457 1
200 1700 1
200 5495 1
200 3874 1
200 2477 1
200 967 1
200 3486 1
200 2993 1
7070 3953 8
7070 7814 7
7070 4376 1
7070 1933 1
7070 3486 1
3022 4351 10
3022 1961 10
3022 3845 7
3022 3953 7
3022 7745 7
3022 7264 7
3022 3784 7
3022 5041 7
5495 2730 6
5495 4996 3
5495 6326 1
5495 4432 1
5495 5194 1
5495 200 1
5495 6633 1
5495 3829 1
5495 1700 1
5495 3176 1
6133 2072 8
6133 1756 8
6133 2084 5
6133 8261 5
7059 5400 1
7059 3486 1
1264 3714 1
1264 4457 1
1264 3962 1
8010 2084 10
8010 4376 9
8010 7264 8
8010 2730 6
8010 3356 5
8010 4996 5
8010 3953 5
8010 7745 4
7745 3784 9
7745 8184 9
7745 1737 9
7745 569 9
7745 1615 8
7745 2645 8
7745 1961 7
7745 7264 7
7745 3022 7
7745 2072 6
7745 3476 6
7745 215 5
7745 5041 5
7745 5733 5
7745 5534 5
7745 5505 5
7745 2084 5
7745 7244 4
7745 4376 4
7745 5415 4
7745 4548 4
7745 2730 4
7745 5664 4
7745 8010 4
7745 4996 4
7745 3953 4
7745 3356 4
7745 5496 4
322 7244 4
322 8359 4
322 8010 4
4934 1557 7
4934 2195 6
4934 2730 6
4934 7374 6
4934 5089 6
4934 8284 5
4934 8169 4
4934 688 4
4934 6159 4
4934 3635 4
4934 5664 4
4934 3953 4
4934 3427 4
4934 6473 3
4934 7814 3
4934 1846 3
4934 7636 2
4934 505 2
4934 2935 2
4978 5496 1
4978 5381 1
4978 7636 1
4978 104 1
4978 8020 1
4978 4457 1
7972 2730 1
7972 8516 1
7972 5173 1
7972 7723 1
7972 8436 1
7972 6788 1
7972 3907 1
7972 2993 1
7972 2550 1
7972 4376 1
7972 2104 1
4376 2084 11
4376 2832 11
4376 1645 10
4376 5494 10
4376 7973 9
4376 7070 9
4376 8010 9
4376 5241 7
4376 8169 4
4376 7745 4
4376 3356 4
4376 4996 3
4376 4548 3
4376 90 3
4376 3830 2
4376 3829 2
4376 5505 2
4376 5173 2
4376 8436 1
4376 6217 1
4376 3953 1
7388 7519 2
7388 4472 2
7388 800 1
3907 617 3
3907 3427 2
3907 2730 2
3907 1558 2
3907 8324 2
3907 8263 2
3907 5807 1
3907 4376 1
3907 5505 1
3907 6217 1
1258 5241 3
1258 2365 2
2935 7846 11
2935 2030 6
2935 3356 6
2935 7673 5
2935 4528 5
2935 8010 5
2935 6500 5
2935 3050 4
2935 3635 4
2935 8169 4
2935 3427 4
2935 7546 4
2935 6159 3
2935 7264 3
2935 2195 3
2935 2768 3
2935 6473 1
2935 2477 1
8019 3849 4
8019 4376 3
8019 3953 3
8019 3427 3
8019 1542 3
8019 215 3
8019 1846 3
8019 5041 3
8019 4548 3
8019 3714 3
8019 6465 3
8019 2824 3
8019 7672 3
8019 5194 3
8019 2354 3
8019 5032 2
8019 7636 2
8019 4623 2
2104 6999 8
2104 3356 8
2104 2730 8
2104 3953 8
1846 3427 6
1846 8169 6
1846 7636 2
1846 5505 2
1846 5967 2
1846 7519 2
1846 3874 2
1846 6886 2
1846 7814 2
1846 6290 2
1846 8386 2
1846 4628 2
1846 5025 1
8161 6665 5
8161 5664 4
8161 2195 4
8161 2034 4
8161 3635 4
8161 3953 4
8161 3427 4
8161 215 4
8161 3356 4
8161 2824 4
3845 6133 8
3845 1756 8
3845 7264 8
3845 215 7
3427 7148 7
3427 4351 6
3427 3476 6
3427 2034 6
3427 8418 4
3427 4093 4
3427 477 4
3427 8324 4
3427 8161 4
3427 215 4
3427 8169 4
3427 5496 4
3427 2195 4
3427 1846 2
3427 7264 2
3714 3714 9
3714 4093 8
3714 215 7
3714 5089 5
3714 7110 5
3714 2034 4
3714 5426 3
3714 5495 3
3714 3953 3
3714 2730 3
3714 4549 3
3714 4394 3
3714 2628 3
3714 3134 3
3714 1767 2
3714 1264 1
3714 7888 1
3714 2370 1
3714 172 1
3714 2993 1
3714 6217 1
3714 7620 1
8169 1846 6
8169 2030 6
8169 6210 6
8169 1028 6
8169 8284 5
8169 2047 5
8169 2730 5
8169 5089 5
8169 3593 5
8169 3050 5
8169 215 5
8169 4628 4
8169 7110 4
8169 7814 4
8169 2935 4
8169 5664 4
8169 5541 4
8169 6159 4
8169 8206 4
8169 2034 4
8169 5496 4
8169 2195 4
8169 3953 4
8169 1425 3
2934 2034 6
2934 4628 6
2934 6210 6
2934 2084 5
2934 2047 5
2934 5041 5
2934 3874 1
2934 3829 1
5664 215 5
5664 5089 5
5664 7110 5
5664 6159 5
5664 7745 4
5664 8169 4
5664 4934 4
5664 2195 4
5664 3953 4
7838 5426 5
7838 7745 4
7838 7546 4
7838 3635 4
7838 5173 3
7838 3902 3
7838 215 3
8359 4996 5
8359 215 5
8359 322 4
8359 8010 4
8359 3142 4
8359 3356 4
2993 7620 2
2993 6290 2
2993 4996 2
2993 7315 2
2993 6465 2
2993 90 2
2993 1425 2
2993 2480 2
2993 6217 2
2993 5400 1
2993 7723 1
2993 5505 1
2993 2790 1
2993 3953 1
2993 3714 1
2993 4827 1
2993 4291 1
2993 3829 1
2824 5814 6
2824 2072 4
2824 8161 4
2824 3849 4
2824 8019 3
2824 2354 3
2824 6652 2
2824 5194 1
2824 8141 1
2824 5861 1
2824 1949 1
569 2832 11
569 3635 10
569 7745 9
2978 391 1
4623 2354 3
4623 8019 2
4623 2993 2
4623 3849 2
4623 5194 2
4623 200 2
2034 5032 8
2034 5541 5
2034 215 4
2034 6159 4
2034 8169 4
8184 8184 10
8184 7745 9
8184 2084 9
8184 2730 8
4432 7552 1
4432 2477 1
4432 1700 1
4432 6326 1
4432 3177 1
4432 7620 1
4432 200 1
5484 3635 5
5484 5400 1
6130 6290 2
4053 5041 2
4053 3830 2
4053 2348 2
4053 4219 2
4053 215 2
4053 4978 1
4053 2909 1
4053 1448 1
7519 3635 3
7519 7531 3
7519 5793 3
7519 2072 3
7519 3902 3
7519 5685 3
7519 5041 2
7519 2993 2
7519 1846 2
7973 3953 10
7973 4351 10
7973 5432 9
7973 4376 9
7973 1961 9
7973 4093 9
7973 3356 9
7973 5415 3
7973 4548 2
7973 3714 2
7973 7636 2
1961 7973 9
1961 4617 9
1961 3022 9
1961 7947 8
1961 5041 8
1961 3714 8
1961 2084 8
1961 215 8
1961 2832 8
1961 5173 8
1961 4996 7
1961 3953 7
1961 477 6
1961 7636 6
1961 3845 6
1961 4409 6
1961 2730 6
1961 5241 6
1961 5505 6
1961 7264 6
1961 8169 6
1961 3635 6
1961 5089 6
35 3902 3
7673 3356 5
7673 6159 5
7673 8169 5
7673 2935 5
7723 5495 3
7723 1700 3
7723 6500 3
7723 3830 2
7723 7723 2
7723 7972 1
7723 6633 1
7723 3829 1
7723 2993 1
7723 47 1
8263 2072 1
8263 5685 1
8263 2934 1
7089 4881 2
7089 7244 2
7089 2500 2
1558 2730 3
1558 4996 3
1558 1700 2
1558 3483 2
1558 7264 2
1558 8339 2
1558 4472 2
1558 90 2
1558 3989 2
1558 3953 2
1558 5496 1
1558 5564 1
7268 3714 3
8171 2072 2
8171 3902 2
8171 6364 2
3158 2195 10
3158 5505 2
3539 7059 1
8020 7636 1
8020 3058 1
8020 4978 1
7797 2993 2
7797 2824 1
8466 5496 1
8466 754 1
8466 7972 1
8466 2934 1
8466 5824 1
8466 2766 1
842 3708 1
1365 6290 2
1365 7264 2
1365 1200 2
1365 6473 2
1233 3874 1
2783 6290 2
2783 7987 2
2783 47 2
2783 2505 2
820 5505 2
820 7519 2
820 7158 1
1756 7264 7
1756 8206 6
1756 2730 6
1756 3953 5
1756 5241 5
1756 7110 5
1756 4093 5
4628 3427 5
4628 1767 2
4628 1846 2
4628 2730 2
4628 5495 2
4628 90 2
4628 3829 2
4628 4629 2
4628 3958 2
4628 215 2
3829 2814 2
3829 6290 2
3829 2730 2
3829 8339 2
3829 6326 2
3829 90 2
3829 5173 2
3829 7723 1
3829 1469 1
3829 5495 1
3829 2993 1
3829 5381 1
3829 1700 1
4093 3635 11
4093 7973 9
4093 3714 7
4093 6441 6
4093 4548 5
4093 3356 5
4093 5484 5
4093 5541 5
4093 215 5
4093 3953 5
4093 1756 5
4093 7110 4
6436 2832 9
7110 2047 5
7110 1700 5
7110 5664 5
7110 5541 5
7110 2034 5
7110 1756 5
7110 2730 5
7110 4628 5
7110 7112 5
7110 8169 4
7110 3635 4
7110 4093 4
7110 215 4
4889 7374 7
4889 5496 6
4889 8324 6
4889 2030 6
4889 5173 3
4889 3829 1
4889 2730 1
4889 7577 1
4629 2034 8
4629 6159 8
4629 7374 7
4629 7838 7
4629 7546 4
4629 2935 4
4629 2659 2
4629 3427 2
4629 94 2
4629 7264 2
4629 4472 2
1700 5381 2
1700 7290 2
1700 4432 1
1700 4155 1
1700 5495 1
1700 5173 1
1700 5255 1
1700 967 1
1700 6326 1
1700 8386 1
1700 200 1
1700 3829 1
90 4351 7
90 1615 6
90 3356 6
90 6210 6
90 8169 4
90 3902 3
90 5041 3
90 3830 3
90 3427 2
90 4376 2
90 2993 2
90 4628 2
90 1558 2
90 3829 1
4549 3427 5
4549 2034 4
4549 3953 4
4549 4548 3
4549 215 3
4549 3714 3
3291 4409 1
3291 5173 1
8508 2659 1
8508 2993 1
8002 4934 7
8002 477 2
8002 3845 2
8002 6290 2
8002 2659 2
8002 16 1
8002 5468 1
8002 4053 1
8002 7561 1
8002 7244 1
3486 3907 1
3486 4409 1
3486 4432 1
3486 3291 1
3486 7888 1
3486 2730 1
3486 5173 1
3486 2104 1
3486 7059 1
3486 967 1
3486 1700 1
3486 200 1
3486 2389 1
2814 5495 1
967 4409 5
967 3356 5
967 3486 1
967 200 1
967 6457 1
967 1700 1
460 3714 3
1615 3635 11
1615 3934 11
1615 7745 8
1615 7264 8
1615 90 7
1615 3953 6
617 6886 3
617 5793 3
617 7814 3
617 5685 3
617 3907 3
5801 5173 1
5801 2389 1
7888 3907 2
7888 8038 1
7888 2532 1
7888 7196 1
7888 4376 1
7888 3714 1
7888 3486 1
7888 3356 1
6979 2537 1
6979 1153 1
6979 3299 1
47 90 7
47 2047 5
47 2783 5
47 215 3
47 5415 3
47 2628 3
47 5495 1
47 4432 1
47 2151 1
47 3849 1
47 7620 1
47 7723 1
47 2730 1
8436 7725 3
8436 215 3
8436 3714 3
8436 6217 1
8436 5505 1
8436 4376 1
8436 5173 1
8436 3953 1
3593 5541 5
3593 8169 5
3593 2730 4
6886 4093 4
6886 5793 3
6886 6886 2
6526 2832 9
6526 3953 9
6526 2084 9
6526 2730 9
5025 6508 1
5025 5173 1
5025 5400 1
5025 2659 1
5025 2389 1
7620 1721 1
7620 1700 1
7620 6217 1
7620 4432 1
7620 2993 1
1200 3953 5
1200 1774 3
1200 4376 3
1200 1365 3
6326 4432 1
6326 1700 1
6326 5495 1
6326 3829 1
6652 8436 2
6652 5505 2
6652 5496 2
6652 3953 2
6652 4376 1
6652 1448 1
6652 3907 1
4219 3830 2
4219 505 2
4219 659 2
4219 1943 2
4219 5495 2
4219 215 2
4219 4053 2
6999 3953 8
6999 1645 8
6999 2104 8
6999 1028 8
6999 215 8
6999 7264 8
6999 4351 7
3708 4558 1
3708 842 1
3708 2790 1
3708 2004 1
3708 5495 1
3708 6003 1
3708 8512 1
3708 2569 1
3708 5807 1
3708 5496 1
3708 1929 1
3708 4376 1
3708 3953 1
3708 6633 1
3708 5452 1
3708 8513 1
3708 3829 1
2633 3746 9
2633 3953 9
2633 5432 9
2633 2832 9
2633 1737 8
2633 4996 8
7987 90 2
7987 1542 2
7987 7264 2
7987 2993 2
7987 5495 2
7925 7636 1
7925 4978 1
1933 3830 2
1933 1542 2
1933 7985 2
1933 8512 2
1933 7561 1
1933 5807 1
1933 7196 1
1933 7070 1
1933 1700 1
1933 1448 1
986 7888 1
986 4376 1
986 8436 1
986 5025 1
986 6652 1
986 2993 1
986 3356 1
6473 3953 8
6473 1756 6
6473 4093 6
6473 6159 5
6473 2935 2
6473 5381 1
6473 7264 1
6473 4363 1
5541 5089 6
5541 7264 6
5541 8206 6
5541 215 6
5541 8284 5
5541 2645 5
5541 2034 5
5541 3593 5
5541 8239 5
5541 7110 5
5541 4093 5
5541 6159 5
5541 3635 5
5541 2737 4
5541 6210 4
5541 8169 4
5541 1186 2
2389 5173 1
2389 5400 1
2389 5025 1
2389 3486 1
2389 5801 1
2389 2993 1
688 4934 4
688 8010 4
688 3635 4
688 8169 4
688 5495 4
688 4628 4
688 4549 4
688 3829 4
688 215 4
688 7745 4
688 2195 4
688 2034 4
688 3953 4
688 3714 4
688 6159 4
3746 5182 11
3746 2633 9
3746 944 8
5904 477 2
5904 3953 2
5904 8513 2
2047 1877 6
2047 2195 6
2047 2934 5
2047 4996 5
2047 8284 5
2047 5733 5
2047 3953 5
2047 6159 5
2047 7110 5
2047 8169 5
2354 4623 4
2354 3714 3
3874 5089 5
3874 3714 3
3874 1846 2
3874 5173 2
3874 2730 2
3874 5495 2
3874 5381 1
3874 200 1
3874 4155 1
1508 5381 1
1508 5495 1
1508 3714 1
94 2072 2
94 2659 2
94 5032 2
94 7244 2
94 169 2
6197 6674 3
6197 477 3
6197 4409 1
2537 6886 2
2537 3958 2
2537 2934 1
2537 5400 1
2537 7196 1
2537 6979 1
2537 2687 1
3339 8184 11
3888 1186 2
3888 2633 2
3888 215 2
3888 3830 2
3888 1542 2
3888 3458 1
3888 115 1
3888 1554 1
3870 2993 1
6290 2730 2
6290 687 2
6290 3829 2
6290 2993 2
6290 7264 2
6290 1846 2
6290 6130 2
6290 90 2
5824 5967 2
5824 186 1
5824 3913 1
5824 1448 1
5824 4772 1
5824 1219 1
5824 4376 1
5824 3953 1
5824 3907 1
5824 2832 1
547 7801 1
547 133 1
4601 5415 3
4601 2072 2
8255 6788 1
8255 2550 1
5432 2832 11
5432 8184 10
5432 3635 10
5432 4351 10
5432 4996 10
5432 4617 9
5432 7473 9
5432 3953 9
5432 1737 9
5432 4093 9
5432 2730 9
8086 6723 1
8086 399 1
4155 1700 1
4155 3291 1
4155 3874 1
4155 2993 1
1737 4351 10
1737 5432 9
1737 7745 9
1737 215 8
1737 2633 8
1737 3714 7
1737 2730 7
1737 5089 6
8416 4376 2
2353 7059 1
2353 5813 1
2353 1153 1
2353 1234 1
2353 557 1
2353 4291 1
2353 6512 1
6124 2084 5
6124 3427 4
6124 5041 4
6124 5505 4
966 2730 2
5534 7745 5
5534 5041 4
5907 7519 4
5907 7480 4
5907 5496 4
5907 7015 2
6293 7992 2
6293 2072 2
6852 7264 8
6852 5041 4
6852 3902 4
6852 3427 4
7992 5173 1
7992 712 1
7992 1760 1
1715 7059 1
1715 2797 1
328 5496 6
2468 3902 3
387 7264 3
387 2934 3
387 1153 1
387 3291 1
387 1863 1
387 4507 1
5850 1700 1
5850 6709 1
7126 1927 1
7892 8156 1
7892 1193 1
7892 787 1
7892 6457 1
7846 5494 10
7846 3635 10
7846 2813 10
7846 2195 10
7846 7947 10
7846 8010 10
7846 6159 9
3877 1700 1
3877 4889 1
253 104 1
7015 5907 2
7015 5824 1
7015 5505 1
7015 2569 1
7015 1200 1
1942 5173 1
6003 3946 1
6003 4457 1
7352 4376 2
7352 2190 2
7352 2993 2
7352 3830 2
7352 4399 2
7352 2262 2
7352 4394 2
7023 4376 2
7023 3907 2
2151 7620 1
2151 1949 1
2151 6295 1
2569 1401 2
2569 3708 1
5194 5173 2
5194 1700 2
5194 4432 1
5194 7620 1
5194 2477 1
5194 3829 1
4570 7244 2
4570 7877 1
4570 4432 1
4570 5381 1
4570 2934 1
4570 186 1
4570 7059 1
4570 3874 1
4570 6045 1
4570 4376 1
4570 468 1
4570 3714 1
4570 2797 1
4570 3962 1
4570 6055 1
4570 2151 1
4570 2832 1
6699 200 1
4931 1700 1
186 2993 7
186 2934 1
2262 5032 2
2262 7352 2
8339 6290 2
8339 3829 2
8339 3830 2
8339 8091 2
8339 6524 1
3629 2832 1
1747 4409 1
6364 8436 3
6364 5032 2
6364 7244 2
6364 1554 2
2926 2345 1
2023 8508 1
6918 3874 1
6918 7723 1
6075 5733 7
6075 200 2
50 4881 3
50 5032 2
5530 2190 2
5221 3356 5
5221 5496 2
8141 4432 1
8141 2824 1
7877 5505 1
7877 8324 1
7877 7059 1
7480 3830 3
7480 3874 3
7480 2730 3
6210 8169 6
6210 2737 4
6210 5541 4
176 1092 2
1283 5505 1
1283 7577 1
4943 3291 1
4943 5505 1
4943 6652 1
16 1554 1
16 3830 1
16 1264 1
16 5676 1
16 2569 1
16 4376 1
16 7264 1
5793 7264 3
5793 5793 3
5793 7519 3
5793 1730 3
5793 6886 3
5793 617 3
4638 5041 2
4638 6465 2
4638 5173 2
4638 1767 2
4638 7519 2
1730 7519 3
1730 5685 3
1730 5793 3
7182 8169 6
4752 5685 2
2211 6457 8
2211 617 8
2211 3427 7
2211 215 7
2819 4432 1
2819 5495 1
4472 1558 2
4472 2477 2
4472 4629 2
4472 5032 2
4472 5173 2
4472 7545 2
4472 5025 1
7531 7519 3
7577 7561 1
7577 4889 1
7577 2079 1
104 2730 2
104 2993 1
104 4978 1
104 5496 1
104 4844 1
104 5505 1
104 4827 1
3050 3856 5
3050 8169 5
3050 6159 4
3050 2935 4
3050 3356 4
3050 2034 4
7064 4376 1
3421 8436 1
1964 568 1
1964 2819 1
4359 5838 1
4359 1700 1
2797 5255 1
2797 7059 1
2797 3714 1
2797 1715 1
2797 200 1
1083 1645 4
1083 5415 4
1083 5041 4
1083 6124 4
1721 2993 5
1721 7620 1
2500 7089 2
3142 8359 4
3142 2084 4
3142 7745 4
3142 3356 4
3142 5496 4
3142 5415 4
3142 4548 4
3142 5241 4
3142 3953 4
3142 5041 4
4827 6465 2
4827 3830 2
4827 3907 2
4827 4548 2
4827 104 1
4827 7973 1
4827 2993 1
4827 1182 1
4827 4772 1
4827 5505 1
8206 5541 6
8206 5089 5
8206 8169 4
8206 3134 4
8206 215 4
8206 2730 3
3476 5496 6
3476 5041 6
3476 3427 6
3476 6441 6
3476 2084 6
3476 3356 6
3476 2047 6
3476 5733 6
3476 5032 6
3476 4376 6
3476 7745 5
3476 2934 5
3476 3953 5
5676 3356 4
5676 16 1
4617 1961 10
4617 2730 10
4617 5089 10
4617 4093 9
4617 215 9
4617 5432 9
4617 2084 9
4617 8184 9
4617 3953 9
1182 8263 1
1182 4827 1
1182 3907 1
4102 215 3
1219 4432 1
1219 2993 1
7315 2993 2
7315 1700 2
3934 1615 11
3934 2084 11
3934 2034 11
3934 5415 11
391 5173 1
6524 8339 1
5813 3777 1
5813 2353 1
5813 4844 1
2348 659 3
2348 3483 2
2348 3831 2
659 5241 4
659 3830 3
659 4376 3
659 5505 2
659 4548 2
659 215 2
1481 5307 1
1481 8087 1
1481 4376 1
1481 1760 1
1481 7585 1
1481 3291 1
1481 6234 1
1481 3567 1
1481 3258 1
1481 1448 1
1481 2104 1
4409 3953 5
4409 3356 5
4409 5041 3
4409 6217 1
4409 4376 1
4409 5505 1
5307 4409 1
5307 6217 1
5307 3962 1
5307 6306 1
5307 6798 1
5307 7625 1
3921 4409 1
3921 2118 1
3921 1481 1
3921 4072 1
5338 3291 1
5338 7794 1
5338 4376 1
5338 1153 1
5338 1481 1
5338 1448 1
8512 4776 3
8512 1933 2
8512 2993 2
8512 7985 2
8512 6290 2
8512 2262 2
8512 5807 1
8512 4155 1
8512 3708 1
8512 2104 1
4291 2370 2
4291 2993 1
2370 7620 1
2370 6217 1
2370 2832 1
2370 3714 1
2370 2993 1
2370 4291 1
1554 2532 2
1554 4053 2
1554 7973 2
1554 5336 2
1554 2348 2
1554 7636 2
1554 3831 2
1554 2190 2
1554 1542 2
1554 3291 1
1554 4376 1
1554 7585 1
1554 1448 1
1554 3888 1
2365 1258 2
2365 5813 1
7985 3356 5
2118 7794 1
2118 3291 1
2118 3921 1
2118 5255 1
2118 3005 1
2118 568 1
2118 5194 1
2118 2797 1
2118 7254 1
2118 4632 1
2118 4409 1
2118 1183 1
2118 2832 1
3962 2104 1
3962 1264 1
3962 3714 1
3962 2993 1
3962 7920 1
5370 8508 1
6234 5807 1
6234 404 1
6234 1933 1
6234 7023 1
6234 3714 1
6234 3258 1
6234 2152 1
6234 1481 1
6234 5219 1
6234 3291 1
6234 1448 1
5336 6290 2
5336 3953 2
5336 7636 1
5336 6707 1
5336 7794 1
5336 5381 1
3725 3845 3
3725 4457 1
3725 4548 1
3725 5348 1
3725 8435 1
3725 3907 1
3725 3597 1
3725 4844 1
3725 2550 1
494 1469 1
494 1153 1
3831 1696 1
3831 2348 1
5564 4376 2
5564 5324 2
5564 3907 2
5564 1558 1
5564 5128 1
4433 6044 1
4433 7258 1
4433 6820 1
2364 3953 6
2364 215 6
2364 2993 2
2333 2993 1
5353 1454 1
5353 5307 1
5353 3308 1
5353 2339 1
5353 2391 1
5353 133 1
5353 6687 1
5353 4316 1
6788 3953 8
6788 4772 1
6788 7972 1
6788 3714 1
6788 8255 1
6788 2550 1
5348 2345 1
5348 2370 1
5348 5807 1
5348 4567 1
5348 7585 1
5348 5353 1
8058 5714 1
8058 1264 1
8058 7264 1
8058 4053 1
8058 3845 1
8058 5807 1
8058 4978 1
8058 2152 1
8058 4812 1
8058 4567 1
8058 7636 1
8058 7070 1
8058 5825 1
8058 2104 1
2659 5089 5
2659 5381 1
2659 5841 1
2659 5025 1
2659 5487 1
2659 5173 1
5426 3714 3
5426 2730 3
5426 215 3
2813 5494 10
2813 3635 10
2813 7846 10
2813 5089 10
2813 5173 10
2813 4351 9
2813 215 9
2813 617 9
2813 5381 2
1767 3714 2
1767 2730 2
1767 5381 2
1767 4628 2
1767 1700 2
1767 2993 2
1767 3421 2
1767 4638 2
1767 7545 2
1767 5173 2
1767 4472 2
1767 5025 2
1877 6159 5
1028 5173 9
1028 4351 8
1028 3356 8
1028 2730 8
1028 8169 6
8386 5173 1
7561 2730 2
7561 2993 1
7561 3830 1
2477 5496 4
2477 200 1
2477 7264 1
2477 4432 1
7814 7947 8
7814 8169 4
7814 7582 3
7814 3134 3
7814 4934 3
7814 617 3
7814 4752 3
7814 2730 2
7814 5381 2
7814 4472 2
7814 1846 2
4772 5173 2
4772 2730 1
4772 5971 1
4772 8000 1
4772 693 1
4772 2706 1
4772 4827 1
4772 3725 1
4772 3042 1
4772 4376 1
4772 6788 1
4772 3723 1
4772 2993 1
4772 2550 1
4772 2489 1
4772 3356 1
169 94 2
169 8366 2
169 1943 2
2525 2526 1
2525 5505 1
4528 6159 5
1338 1645 6
1338 7546 4
1338 6159 4
1338 3714 4
1338 8169 4
4008 3953 7
5182 2832 11
5182 5337 11
5182 3953 11
5182 7070 11
5182 5381 11
5182 5173 11
5182 3746 11
5182 5432 11
5182 4093 11
5182 4376 11
5182 3635 10
5182 215 10
5182 2730 10
5182 2195 10
5182 4351 10
3784 7745 9
3784 3953 7
3784 3714 7
3784 3845 7
3784 2832 7
3784 215 7
3784 7264 7
3784 2084 7
3784 1645 7
3784 2730 7
3784 2072 6
5841 1700 1
7582 4409 1
7582 8156 1
7582 5505 1
7582 6217 1
7582 6326 1
7582 104 1
7582 2813 1
8087 5173 1
8087 5487 1
6589 5381 2
6589 4638 2
6589 5173 2
5172 2730 2
5172 3830 2
5172 3953 2
2526 2525 1
8324 2659 9
8324 215 9
8324 4955 9
8324 2477 1
8324 2370 1
8324 5400 1
8324 3953 1
8324 7264 1
8324 7577 1
8324 6473 1
5400 2072 7
5400 6159 6
5400 2993 1
5400 2389 1
5400 5173 1
5400 7059 1
5400 5025 1
5400 3486 1
5400 6652 1
4955 7846 10
4955 5299 7
4955 7374 6
4955 6159 5
4955 8239 5
4955 3427 4
4955 8324 4
7947 2030 9
1557 4934 7
1557 7264 7
1557 8169 7
1557 2195 7
1557 7374 6
3961 215 2
3961 3830 1
3961 3486 1
3961 3829 1
3961 1547 1
4534 7264 3
4534 2195 3
2909 2084 4
2909 6217 4
2909 3902 4
2909 5496 4
2030 2935 9
2030 7947 8
2030 8169 6
2030 6159 6
1425 6159 7
1425 2993 2
1425 1425 2
1425 7582 1
7546 1338 5
7546 7838 4
7546 6159 4
7546 3635 4
7546 4629 4
7546 2935 4
7546 7545 4
7545 4472 2
3740 6159 5
3740 3635 5
3740 2195 5
3740 5032 1
3740 6534 1
800 3874 2
800 8000 1
800 7388 1
800 7285 1
800 6534 1
8284 6159 5
8284 5541 5
8284 2195 5
8284 2047 5
8284 8169 5
8284 4934 5
8284 3356 5
6534 8000 1
6534 3740 1
6534 2993 1
6500 7723 2
7374 944 7
7374 1557 6
7374 6159 6
7374 4955 6
5038 5484 1
5038 737 1
1576 7264 3
1576 5032 3
4685 7264 6
5452 5173 1
5452 7059 1
5452 3962 1
5452 2389 1
5452 2819 1
6055 4570 1
4072 7971 1
8374 2072 3
8374 3714 3
8374 5041 3
8374 5255 1
8374 3874 1
8374 200 1
8374 8492 1
1949 5400 1
1949 5495 1
1949 5484 1
1949 3874 1
1949 1219 1
1949 8125 1
1949 2824 1
1949 5194 1
1949 5487 1
1949 471 1
1949 2389 1
1949 6457 1
1949 8492 1
1949 2151 1
1949 7038 1
1949 5861 1
4497 3830 2
4497 5041 2
4497 1448 1
8125 5801 1
3913 3829 2
3913 5824 1
2295 2151 1
7473 7264 10
7473 3953 10
7473 4351 10
7473 5432 9
6707 5336 1
6457 2993 1
3876 2730 1
3876 8000 1
3876 2370 1
3876 5222 1
3876 1311 1
3876 7059 1
3876 5505 1
3876 8087 1
3876 5824 1
3876 3901 1
3876 3946 1
8156 8010 2
8156 2993 1
8156 7264 1
5451 7987 2
5451 3849 2
62 5505 1
62 2993 1
2420 5336 1
2079 6364 1
5807 5041 2
5807 7264 1
5807 5496 1
5807 1700 1
3355 4376 1
4558 4053 2
4558 2505 1
4558 2569 1
4558 8513 1
4558 7264 1
4558 3708 1
4558 6144 1
8418 477 2
8418 3849 2
1760 7992 1
1760 5850 1
505 4548 3
505 4219 2
505 1542 2
505 4934 2
2760 5041 2
2760 2364 1
2760 1200 1
7900 7561 1
7900 8516 1
3946 5505 1
8212 6968 1
8212 7196 1
8212 7694 1
8212 1469 1
3005 5971 1
3005 5169 1
3005 2993 1
3005 7610 1
3168 5496 1
3168 2717 1
3168 1481 1
1266 1266 3
1266 5041 3
1266 5415 3
1266 215 3
1266 5032 3
1266 3830 3
1266 6217 3
1266 4623 3
1266 3902 3
1266 3714 3
1266 4394 3
1266 7636 3
1266 3953 3
1266 1542 3
8435 8213 2
8435 3725 1
8435 5564 1
8435 3845 1
687 6290 2
7694 5381 1
7694 2477 1
7694 5025 1
7694 2389 1
7694 4363 1
7694 687 1
5967 2190 2
5967 6652 2
5967 5824 2
7073 5964 1
7073 7585 1
7073 5194 1
3058 3845 1
3058 7985 1
3058 253 1
3058 3535 1
3058 8020 1
7183 5032 6
7536 6465 2
7536 6758 2
7536 1358 1
7536 2730 1
7536 8513 1
7552 4432 1
7552 5495 1
1510 4376 2
1510 4996 2
1510 2993 1
6295 4432 1
6295 8125 1
6295 2523 1
6295 2151 1
1193 5685 2
1193 7196 1
1193 2824 1
1193 2993 1
1185 1700 3
1185 1185 2
1185 50 2
1185 2993 2
2900 5173 1
2900 2659 1
683 1186 2
6523 5194 1
5091 4409 1
5091 7620 1
5091 3876 1
5091 3874 1
5091 6725 1
5091 6568 1
6304 8000 1
6304 5964 1
6304 5967 1
6304 3486 1
6304 787 1
6304 5999 1
6665 2824 6
6665 8161 6
6665 6441 6
6665 3714 6
6665 5814 6
6665 3953 6
7672 3902 3
7672 8019 3
7672 4776 3
5814 2730 8
5814 2783 7
5814 3953 7
5814 7264 7
5814 215 7
5814 3849 6
5814 8161 6
5814 2824 6
5814 6665 6
5814 3714 5
567 3953 3
567 4549 3
567 5041 3
567 4996 3
567 4548 3
567 2824 3
567 215 3
567 7636 3
567 8019 3
4085 186 1
4085 5496 1
4085 7694 1
3588 4376 3
3588 3902 3
3509 7849 2
3509 5505 1
3509 5496 1
3509 104 1
3509 5861 1
3509 5194 1
3509 2370 1
3509 8125 1
3509 62 1
3509 5338 1
2505 2783 2
2505 4558 1
4399 7548 1
4399 1949 1
4399 7059 1
4399 1723 1
1031 4623 2
7220 3509 1
6465 8019 3
6465 4996 2
6465 4638 2
6465 4827 2
6465 2993 2
6465 4511 2
6465 215 2
8261 6133 5
8261 4534 3
8261 3902 3
8261 4376 1
8261 6633 1
1929 5495 1
1929 5496 1
1929 3708 1
2190 1542 2
2190 2730 2
2190 215 2
6956 2993 1
6956 2797 1
6956 6306 1
4394 3714 3
4394 4376 3
4394 2262 2
3263 7745 5
3263 3356 5
574 5032 1
574 438 1
574 215 1
2645 3784 8
2645 2104 8
2645 4827 8
2645 7264 8
2645 1028 8
2645 2084 8
2645 2072 8
2645 7745 8
2645 2832 8
2645 3845 8
2645 7720 8
2645 5041 8
2645 8169 8
2645 5505 8
2645 3635 8
2645 8010 8
2645 215 8
2645 3356 5
2645 1200 5
2645 5541 5
2645 4376 5
2645 1756 5
2645 5089 5
2645 2824 5
2645 3714 5
2645 4996 5
2645 3953 1
2645 8000 1
2645 3486 1
6633 5495 1
6633 7723 1
6633 4751 1
6633 1022 1
6633 854 1
737 5038 1
737 3874 1
737 752 1
2425 5850 1
1517 1558 2
1517 4409 1
1517 7258 1
1517 3874 1
1517 4754 1
1517 3486 1
4821 5495 1
4821 3373 1
4821 2609 1
6654 7443 1
1659 7620 1
1659 3874 1
4324 4432 1
4324 5255 1
4324 591 1
4324 2151 1
4324 789 1
183 5053 1
7196 4409 1
7196 2537 1
7196 7888 1
7196 5253 1
7196 1933 1
7196 8212 1
7196 1193 1
7196 2190 1
7196 8337 1
7196 5836 1
3630 1700 1
3630 5253 1
3630 5255 1
3630 3874 1
3630 2151 1
3630 789 1
643 5824 1
5366 8337 1
5366 5836 1
4754 4432 1
4754 7620 1
4754 5253 1
4754 1949 1
4754 5173 1
4754 6234 1
4754 8239 1
4754 2523 1
4754 6267 1
4754 5277 1
4754 7376 1
4754 1431 1
4754 8442 1
4754 5697 1
4754 506 1
4754 6432 1
4754 2609 1
4754 1517 1
4637 1029 1
4637 7122 1
7443 6654 1
4412 657 1
6591 294 1
6591 5173 1
6591 1481 1
6591 6968 1
6591 2104 1
6591 7620 1
6591 7888 1
6591 5495 1
6591 2477 1
6591 4376 1
6591 3953 1
6591 200 1
6591 1747 1
6591 4196 1
6591 2151 1
6591 1448 1
6591 2819 1
4669 6968 1
713 5850 1
3373 4821 1
3373 2609 1
854 7059 1
854 6633 1
2609 1700 1
2609 5495 1
2609 5255 1
2609 43 1
2609 5194 1
2609 5487 1
2609 7400 1
2609 2687 1
2609 3373 1
2609 1029 1
2609 1517 1
2609 2841 1
5053 183 1
6674 8263 3
6674 5685 2
8492 8374 1
8492 5850 1
8492 1949 1
8492 2687 1
8492 1659 1
8492 1029 1
1306 3874 1
1306 4412 1
1306 6523 1
8174 6031 1
5253 1558 2
5253 4754 2
5697 7992 1
5697 1145 1
7400 2609 1
7400 1183 1
5133 1264 1
6432 2993 1
6432 1448 1
8442 4409 1
8442 2532 1
8442 1311 1
8442 1183 1
8442 6826 1
8442 4754 1
8012 8012 3
6968 8212 1
6968 4376 1
6968 4669 1
4502 3291 1
4502 6234 1
4502 1888 1
4502 7057 1
5023 7620 1
5023 4399 1
5023 8436 1
5023 2659 1
5023 6633 1
5023 7264 1
5023 3829 1
8239 4955 5
8239 5089 5
8239 2084 5
8239 5541 5
8239 1311 1
2714 7837 1
2714 3874 1
2714 5194 1
2792 7877 1
2880 5495 1
3162 5023 1
5836 7196 1
5836 5366 1
1448 6234 1
1448 6045 1
1448 7794 1
1448 7585 1
1448 2152 1
1448 1481 1
1448 6652 1
1448 7596 1
3006 5905 1
3069 4507 1
1311 5505 1
1311 3356 1
2132 5381 1
2706 974 2
2706 6217 1
2706 4772 1
2706 6045 1
2706 1933 1
2706 2104 1
2706 6306 1
2706 3528 1
2706 4632 1
2706 4844 1
3177 3829 1
6632 4432 1
4457 4432 1
4457 1264 1
4457 4978 1
4457 7920 1
603 4432 1
2250 404 1
2250 2370 1
2250 4433 1
2250 4632 1
6045 3714 1
609 5484 1
1707 7877 2
5714 8516 1
6421 1481 1
6044 4433 1
6723 399 1
6723 8086 1
6723 1300 1
6723 5307 1
4776 7672 3
4776 5807 2
4776 7877 2
4776 7244 2
4776 7987 2
3028 5025 1
6306 2104 1
6306 404 1
6306 2706 1
6306 5137 1
6306 5307 1
4507 387 1
4507 7585 1
4507 1153 1
4507 3069 1
4507 5338 1
4507 1863 1
4507 8208 1
4507 3291 1
4507 1448 1
1300 6723 1
1300 8086 1
5408 2104 1
7821 6709 1
1334 5400 1
1334 4376 1
1334 2494 1
5468 1182 1
5468 8437 1
3308 5353 1
3308 5277 1
3308 7376 1
3308 5307 1
3308 2339 1
3308 2391 1
3308 133 1
3308 4316 1
5219 1696 1
6361 7649 1
1927 98 1
1927 7126 1
4977 6044 1
4977 3567 1
4977 5277 1
4977 7378 1
5971 5219 1
5971 8038 1
5971 6877 1
5971 4772 1
5971 1219 1
5971 4376 1
5971 7585 1
5971 3005 1
5971 7610 1
949 7636 1
949 8086 1
949 253 1
949 4978 1
949 7548 1
2742 7900 1
7610 5971 1
7610 3005 1
4844 5338 1
4844 404 1
4844 2345 1
4844 3725 1
4844 2348 1
4844 172 1
4844 5807 1
4844 104 1
4844 4376 1
4844 4978 1
4844 3714 1
4844 5461 1
4844 1481 1
4844 3907 1
4844 4662 1
404 6234 1
404 4844 1
1452 1481 1
1452 7888 1
1452 3486 1
1452 8436 1
1452 5807 1
1452 6306 1
1452 2190 1
1452 2321 1
1452 8261 1
1452 2104 1
5559 7924 1
5559 4632 1
5559 5825 1
5559 2370 1
5559 2706 1
5559 2104 1
5559 4567 1
5825 6306 1
5825 5559 1
5825 5137 1
5825 8058 1
2312 5307 1
2312 4977 1
2312 5651 1
2312 5277 1
2312 7596 1
2312 6044 1
2312 7378 1
5314 2312 1
2509 5173 1
8000 800 1
8000 4772 1
8000 6045 1
8000 1933 1
8000 5086 1
8000 62 1
8000 3486 1
8000 3723 1
8000 3705 1
8000 7158 1
8000 2993 1
8000 2645 1
8000 200 1
8000 5485 1
8000 7264 1
8000 6534 1
3788 8394 1
7322 6512 1
6246 3291 1
6246 4376 1
6246 2312 1
557 2993 1
557 7723 1
557 2353 1
6702 4409 1
6702 3291 1
6702 7585 1
6702 1153 1
6702 3019 1
3258 2104 1
3258 3291 1
3258 6234 1
3258 1481 1
5169 3005 1
61 8156 1
61 5676 1
61 4844 1
7794 5505 1
7794 7585 1
7794 1448 1
5651 3291 1
5651 2312 1
6508 2993 2
6508 5173 1
1469 6045 2
1469 172 1
1469 1264 1
1469 5807 1
1469 3829 1
5128 5513 1
5128 5564 1
5128 4827 1
172 2730 1
172 1700 1
172 5807 1
172 7723 1
172 1721 1
172 3829 1
4567 2104 1
4567 3845 1
4567 4978 1
4567 4632 1
4567 2832 1
4812 2152 1
4812 8058 1
3362 5634 1
7924 4432 1
7924 5850 1
7924 1153 1
7924 1696 1
7924 1448 1
2339 6330 1
2339 5353 1
2339 5307 1
2339 3308 1
2339 3172 1
2339 2391 1
2339 133 1
2339 4316 1
7585 2926 1
7585 3291 1
7585 6217 1
7585 3953 1
7585 2993 1
1547 7352 3
1547 4376 1
1547 3176 1
1547 3953 1
1547 2993 1
1547 3962 1
1547 3356 1
1547 7264 1
1547 4291 1
115 3888 1
7007 2348 1
7007 6044 1
7007 4567 1
1274 186 1
1274 3291 1
1274 7723 1
1274 754 1
1274 5307 1
1274 7264 1
5683 2659 1
1036 2569 1
1575 62 1
1575 2537 1
1575 7254 1
1575 7655 1
1575 3845 1
1863 5338 1
1863 3291 1
1863 1153 1
2489 5173 1
2489 4772 1
2489 2477 1
8394 2477 1
8394 3788 1
8394 6523 1
5222 7561 2
5222 2118 1
5222 5025 1
5222 3421 1
4792 6473 1
1092 2730 4
1092 6159 3
1092 176 2
1092 5495 1
2532 7636 2
2532 3831 2
2532 1274 2
2532 5495 1
2532 8436 1
2532 3291 1
2532 2993 1
2532 6055 1
2532 7888 1
2532 4662 1
386 1481 1
386 2348 1
386 6044 1
386 5307 1
386 2104 1
399 3909 1
399 6723 1
399 1300 1
399 8086 1
6774 2832 1
3901 3876 1
3901 1153 1
6758 3635 8
6758 3953 3
6758 1542 3
6758 4638 2
6758 5496 2
6758 2569 2
6758 7536 2
6758 4457 1
7655 1575 1
6803 4409 1
3978 1542 1
3978 1721 1
1431 7254 1
1431 5850 1
1431 2993 1
1431 4754 1
3597 2104 3
3597 1300 1
6070 2072 2
3458 5824 1
3458 3888 1
3458 5505 1
1138 200 1
1473 6771 1
1473 3157 1
1473 2764 1
1014 5850 1
1014 5861 1
7258 7966 1
7258 7254 1
7258 2824 1
7258 4433 1
7258 1183 1
7258 1517 1
6568 3845 1
4316 494 1
4316 5353 1
4316 5307 1
4316 3308 1
4316 2339 1
4316 3172 1
4316 2391 1
4316 133 1
4316 6687 1
8147 2993 1
1896 2072 5
1896 6918 1
1896 6523 1
7596 3291 1
7596 4567 1
7596 5850 1
7596 2312 1
7596 8208 1
7596 6709 1
7596 1448 1
7971 4072 1
6175 5807 1
3567 4409 1
3567 4432 1
3567 3291 1
3567 3874 1
3567 6234 1
3567 3714 1
3567 3258 1
3567 1481 1
7378 2993 1
7378 5307 1
3359 4432 1
5277 2312 1
5277 4977 1
5277 7378 1
5838 4359 1
5838 7794 1
1186 7264 2
1186 3888 2
1186 683 2
1186 3829 2
1186 5541 2
1186 3714 2
1186 1933 2
1186 90 2
1186 7987 2
1186 3831 2
1186 2935 2
1186 3830 2
1186 7985 2
1186 4376 2
1186 3907 2
1186 4996 2
1186 4394 2
1186 6290 2
1186 2730 2
1186 8010 2
1186 5496 2
8091 4623 2
3958 4628 2
4511 6465 2
4881 4376 3
4881 4548 3
5535 5505 1
3989 1576 2
3989 4376 2
3989 477 2
3989 1200 2
3989 3921 2
3989 1558 2
3989 2505 2
3989 5130 2
6933 5381 1
8373 765 2
8373 5484 1
294 6591 1
294 5861 1
294 404 1
2480 2993 1
6240 1311 2
6240 7636 2
6240 7519 2
8243 3953 2
6687 133 1
6687 5307 1
6687 3308 1
6687 2391 1
6687 5353 1
5324 8513 1
5324 4548 1
3013 1542 2
3013 215 2
3723 8000 1
3723 8038 1
3723 3877 1
3723 4772 1
3723 967 1
3723 5807 1
3723 3705 1
3723 3953 1
3146 5505 1
3146 5307 1
1174 2993 2
6366 7059 1
6366 1182 1
6366 8255 1
7778 2730 2
7778 3830 2
7136 3356 1
7136 7692 1
5130 3989 1
8513 4558 1
8513 1558 1
8513 2116 1
8513 4161 1
8513 7369 1
8513 3095 1
8513 5324 1
8513 1707 1
8513 7536 1
8513 5824 1
8513 2525 1
8513 3830 1
8513 3830 1
8513 2926 1
8513 2926 1
8513 5408 1
8513 16 1
8513 5676 1
8513 7636 1
8513 7694 1
8513 5451 1
8513 5904 1
8513 7924 1
8513 8508 1
8513 8324 1
8513 8000 1
8513 4889 1
8513 5461 1
8513 5496 1
8513 5025 1
8513 5025 1
8513 6366 1
8513 7220 1
8513 4409 1
8513 2345 1
8513 5714 1
8513 7548 1
8513 7059 1
8513 1311 1
8513 4085 1
8513 7548 1
8513 1700 1
8513 391 1
8513 7322 1
8513 6674 1
8513 3708 1
8513 2370 1
8513 4363 1
8513 3876 1
8513 2095 1
8513 6512 1
8513 3291 1
8513 1696 1
8513 3176 1
8513 4432 1
8513 3176 1
8513 6523 1
8513 3953 1
8513 1153 1
8513 200 1
8513 5559 1
8513 6633 1
8513 3874 1
8513 6512 1
8513 8058 1
8513 6943 1
8513 3157 1
8513 1696 1
8513 5194 1
8513 5999 1
8513 5255 1
8513 2824 1
8513 2993 1
8513 7264 1
8337 7196 1
438 574 1
3293 7561 2
2533 4549 3
7725 8436 3
7725 2730 3
7725 7264 3
7725 4996 3
6793 8161 4
6793 4996 4
6793 215 3
2768 7814 2
6328 5041 3
6328 5793 3
6328 4978 3
6328 5415 3
6328 4394 3
6328 4376 3
6328 2195 3
1401 2569 2
2494 2717 3
2494 5505 1
2494 2659 1
5299 4955 7
1774 505 3
1774 1200 3
1774 3830 3
7285 1542 3
7285 4628 3
7285 6290 2
7285 2824 1
7285 800 1
7285 2151 1
7548 8513 1
7548 4399 1
7548 1949 1
7548 5255 1
7548 4101 1
7548 4570 1
7548 2813 1
7548 949 1
7548 1723 1
7548 1863 1
2737 6210 4
2737 5541 4
2737 4093 4
7281 5041 4
7281 2195 4
7128 1338 5
5362 5634 1
5840 2935 4
2728 215 5
3856 3050 6
6441 4093 6
6441 2730 6
6441 3476 6
6441 6665 6
6441 3953 6
6441 4996 6
6441 3714 6
7720 5733 6
7720 2730 6
2229 2084 9
5354 5241 8
6874 6159 6
4158 7814 6
7148 3427 7
7148 2084 7
7148 3953 7
7148 7264 7
7148 7745 7
944 3746 8
944 7264 8
944 7374 7
3959 95 9
3959 5505 9
898 215 9
2391 2106 1
2391 3308 1
2391 2339 1
2391 3172 1
2391 6837 1
2391 133 1
2391 4316 1
5131 5432 9
5131 7745 9
5131 4376 9
95 3959 9
5494 3635 10
5494 5432 10
5494 7745 10
5494 2813 10
5494 7473 10
5494 7973 10
5494 7846 10
5494 4376 10
5337 5182 11
5337 5173 11
2152 6234 1
2152 8058 1
2152 1448 1
3589 2730 5
3589 5041 4
7158 8000 1
7158 8324 1
7158 5173 1
7158 1311 1
7158 8147 1
7158 8239 1
7158 820 1
6725 4409 1
6725 2993 1
6771 4432 1
6771 5495 1
6771 5255 1
6771 5850 1
6771 1153 1
6771 5194 1
6771 1234 1
6771 3157 1
6771 1473 1
6771 2587 1
6771 4914 1
6771 8070 1
6771 8442 1
6771 5023 1
6771 3708 1
6771 2764 1
2618 3291 1
2618 7059 1
2618 8436 1
2618 1481 1
2618 4433 1
2618 1696 1
2618 7596 1
2618 8295 1
2618 1448 1
2618 5023 1
4632 4155 2
4632 3539 2
4632 6886 2
4632 2730 2
4632 3528 1
4632 5559 1
4632 5137 1
4632 2250 1
4632 5825 1
4632 2104 1
2051 2004 1
5513 7059 1
5513 5128 1
4662 4844 1
2285 6771 1
4101 2537 1
4101 6234 1
4101 6723 1
4101 3714 1
4101 6092 1
4101 1183 1
4101 7400 1
8507 4409 1
8507 5173 1
1379 4376 1
1379 7264 1
1723 7548 1
1723 4399 1
1723 7065 1
8437 7244 1
8437 5468 1
7065 3486 1
7065 200 1
4596 2370 1
1358 7536 2
324 1846 2
324 7519 2
324 8010 1
324 7064 1
1622 3356 1
1198 2978 1
1198 5173 1
1198 7174 1
3528 2104 1
3528 2706 1
3528 2321 1
3528 4632 1
2245 4316 1
2321 5307 1
865 50 2
865 6003 2
657 1700 1
657 4155 1
657 4412 1
7801 547 1
1711 3313 1
8208 6044 1
8208 1153 1
8208 5219 1
8208 4433 1
8208 7596 1
8208 7924 1
8208 4507 1
1234 3157 1
1234 5850 1
1234 986 1
1234 3714 1
1234 6771 1
1234 2587 1
1234 2764 1
1234 8442 1
1234 5023 1
2790 2993 1
2345 6045 1
2345 4844 1
778 1700 1
1915 4409 1
1915 386 1
568 2118 1
568 1481 1
568 6234 1
568 7585 1
3376 5505 1
1178 1700 2
1178 3874 1
1178 2312 1
1178 4977 1
1178 6709 1
1178 3006 1
4914 6633 1
4914 4457 1
6138 253 1
5416 4978 1
3157 6771 1
3157 1300 1
3157 1473 1
3313 1711 1
7115 2993 1
7920 1264 1
7920 3962 1
7920 4457 1
6796 200 1
6567 5307 1
6330 2339 1
712 7992 1
2639 8000 1
2639 1311 1
2639 7123 1
4284 2993 1
4284 4875 1
4284 5634 1
1696 5971 1
1696 3291 1
1696 1448 1
1696 7924 1
1696 7007 1
1696 7585 1
1696 1153 1
1696 8208 1
3777 7794 1
3777 5813 1
3777 1863 1
4223 5807 1
4223 4502 1
2133 1183 1
3172 5307 1
3172 2339 1
3172 2391 1
3172 133 1
3172 4316 1
3705 7059 1
3705 3723 1
133 6284 1
133 5307 1
133 3308 1
133 2339 1
133 3172 1
133 2391 1
133 6687 1
133 4316 1
133 547 1
4419 4223 2
4419 2370 1
4419 4749 1
8295 547 1
6728 5277 1
4196 2370 1
4196 6591 1
4196 2312 1
4196 5307 1
3019 5971 1
3019 6702 1
974 6306 1
7246 1481 1
6798 4155 1
6798 6234 1
6798 5307 1
6798 2391 1
1888 6877 1
1888 6234 1
1888 7057 1
6837 5307 1
6837 2391 1
5137 2104 1
5137 2706 1
5137 6306 1
5137 4632 1
2523 6295 1
693 4772 1
6826 5487 1
6826 8442 1
7174 4432 1
7174 2934 1
2493 7794 1
1022 6633 1
8096 2934 1
3797 5850 1
3797 2993 1
3797 7136 1
3797 5697 1
7929 1448 1
3042 7725 4
3042 4772 1
7057 1919 1
7057 4502 1
6709 7821 1
6709 6044 1
6709 7376 1
6709 5307 1
2318 3874 1
2318 5023 1
7625 4567 1
7625 2250 1
7625 5307 1
6031 8174 1
7123 2639 1
4749 4419 1
3663 5905 1
7837 2714 1
6284 5307 1
6284 133 1
6284 4316 1
7649 6361 1
6783 2652 1
7692 7136 1
1464 2370 1
1454 5353 1
4875 4284 1
4875 5634 1
3909 399 1
2228 8239 1
