7009 796 10
7009 1308 9
7009 799 9
7009 753 7
7009 2958 7
7009 1901 7
7009 2351 7
7009 6269 7
7009 7878 6
7009 6359 6
7009 2029 6
7009 8436 6
7009 4300 6
7009 5733 6
7009 8410 6
7009 6864 5
7009 3953 5
7009 818 5
7009 199 5
7009 7325 5
7009 7635 4
7009 7500 4
7009 4411 4
7009 8010 4
7009 4124 4
7009 6444 4
7009 3178 4
7009 5241 4
7009 3397 4
7009 6685 4
7009 2730 4
7009 536 4
7009 8061 3
7009 5293 3
7009 6296 3
7009 6027 3
7009 7884 3
7009 4460 3
7009 1638 3
7009 969 2
3178 5089 5
3178 7719 5
3178 7110 5
3178 4548 4
3178 5293 4
3178 2029 4
3178 5241 4
3178 3397 4
3178 7662 4
3178 7009 4
3178 2879 4
3178 7216 1
3178 1308 1
3178 3542 1
3178 1880 1
3178 7499 1
3178 5490 1
5293 1230 7
5293 6890 6
5293 7792 6
5293 8410 6
5293 7499 6
5293 5733 6
5293 4004 5
5293 6864 5
5293 1638 5
5293 199 5
5293 7635 5
5293 6136 4
5293 5478 4
5293 2029 4
5293 5180 4
5293 3397 4
5293 3953 4
5293 8010 4
5293 4077 4
5293 6171 4
5293 3178 4
5293 6814 4
5293 559 4
5293 6215 4
5293 4124 4
5293 2730 4
5293 6685 4
5293 7500 3
5293 5241 3
5293 7662 3
5293 7009 3
5293 6296 3
5293 3641 3
5293 7884 3
5293 134 3
6269 7187 7
6269 7325 7
6269 2351 7
6269 1859 7
6269 7009 7
6269 3714 7
6269 635 7
6269 6089 7
6269 1230 7
6269 6939 6
6269 1848 6
6269 6890 6
6269 4616 6
6269 2991 6
6269 6864 6
6269 4093 6
6269 7750 6
6269 2487 6
6269 5293 6
6269 4594 6
6269 7878 6
6269 8410 6
6269 6206 6
6269 7884 6
6269 7110 5
6269 6161 5
6269 4548 5
6269 5733 5
6269 3953 5
6269 5412 5
6269 5241 5
6269 7662 5
6269 7641 5
6269 7635 5
7244 7524 10
7244 1901 9
7244 5733 8
7244 4317 5
7244 7500 5
7244 6685 5
7244 3953 5
7244 7633 5
7244 3178 5
7244 6210 4
7244 7884 4
7244 134 4
7244 7635 4
7244 6444 4
7244 6296 4
7244 7009 4
7244 7089 2
7244 8052 2
7244 1638 2
7244 796 2
7244 4726 2
7244 3303 2
7244 8010 2
7244 130 2
7244 2637 2
7244 5272 2
7244 8358 2
7244 7106 2
7244 17 1
7244 1880 1
7244 3561 1
7244 939 1
7244 8437 1
7244 8002 1
2730 4411 11
2730 799 11
2730 818 10
2730 1638 10
2730 5523 10
2730 7878 9
2730 2879 9
2730 2832 8
2730 753 8
2730 4508 8
2730 7641 8
2730 3198 8
2730 6480 7
2730 8010 7
2730 2730 7
2730 2540 7
2730 2487 6
2730 5733 6
2730 6025 6
2730 2556 6
2730 7635 5
2730 1813 4
2730 3953 4
2730 969 4
2730 5293 4
2730 2404 4
2730 5180 4
2730 2413 4
2730 7009 4
2730 7884 3
2730 3714 3
2730 4628 2
2730 7662 2
2730 7500 2
2730 7499 1
5241 4004 7
5241 3497 7
5241 6890 5
5241 6269 5
5241 818 5
5241 6229 4
5241 3178 4
5241 2029 4
5241 7009 4
5241 3728 4
5241 8410 3
5241 5293 3
5241 7500 3
5241 3953 3
5241 8308 3
5241 6814 3
5241 4548 3
5241 3689 3
5241 3641 3
5241 3714 3
5241 659 3
8410 3397 11
8410 2832 8
8410 753 8
8410 7499 6
8410 2556 6
8410 199 6
8410 6444 6
8410 6269 6
8410 7009 6
8410 5089 6
8410 7884 6
8410 8010 6
8410 3953 6
8410 7500 6
8410 818 6
8410 5293 6
8410 2029 5
8410 5241 5
8410 6814 5
8410 3689 3
5089 984 8
5089 818 7
5089 3397 7
5089 1230 7
5089 8061 6
5089 7499 6
5089 6444 6
5089 8410 6
5089 1308 6
5089 6864 6
5089 2556 5
5089 2730 5
5089 3178 5
5089 2442 5
5089 6025 5
5089 199 5
5089 7662 5
5089 2659 5
5089 6732 5
5089 1638 5
5089 2404 5
7750 7524 11
7750 6890 10
7750 5733 7
7750 984 7
7750 818 5
7750 3427 4
7750 2239 4
7750 5685 4
7750 2879 2
3397 7878 11
3397 617 9
3397 2002 9
3397 6446 9
3397 7299 9
3397 7271 8
3397 7641 8
3397 1367 7
3397 7325 7
3397 1230 7
3397 6732 6
3397 5733 6
3397 6159 6
3397 2487 6
3397 2556 6
3397 4548 6
3397 7884 6
3397 635 6
3397 7435 6
3397 6206 5
3397 4628 5
3397 199 5
3397 6025 5
3397 818 5
3397 4093 5
3397 2659 5
3397 6444 5
3397 5089 5
3397 8061 5
3397 7635 5
3397 7968 5
3397 6148 4
3397 5473 4
3397 6096 4
3397 6685 4
3397 7110 4
3397 5293 4
3397 6890 4
3397 6577 4
3397 2029 4
3397 5398 4
3397 3427 4
3397 7009 4
3397 8436 3
3397 7500 3
3397 5180 3
3397 7046 3
3397 3845 3
3397 3044 3
3397 2540 3
3397 4460 3
3397 7633 3
3397 6814 3
3397 5565 3
3397 29 3
3397 7499 3
3397 1638 3
3397 2871 3
3397 7191 2
3397 7662 2
3397 4440 2
3397 2879 2
3397 2730 2
3397 2404 2
3397 4077 2
3397 3017 1
3397 3829 1
3397 5861 1
3397 200 1
3397 3987 1
3397 5477 1
3397 764 1
3397 2838 1
3397 2511 1
3397 3178 1
3397 6496 1
3397 939 1
3397 7093 1
3397 3953 1
3397 295 1
818 1384 9
818 5523 9
818 5018 8
818 3397 8
818 3198 8
818 2170 8
818 6446 8
818 4508 8
818 6864 8
818 6814 8
818 753 8
818 3542 8
818 4594 7
818 7187 7
818 7968 7
818 2002 7
818 7556 7
818 3845 7
818 3554 7
818 2182 7
818 2404 7
818 331 7
818 3714 7
818 2556 7
818 3302 7
818 4171 7
818 2832 7
818 7524 7
818 6480 7
818 7641 7
818 5293 7
818 7271 7
818 8422 7
818 2351 7
818 1859 7
818 2540 7
818 3800 7
818 7635 7
818 1848 7
818 984 7
818 705 7
818 1230 7
818 6089 7
818 7792 7
818 7878 7
818 6444 7
818 2378 7
818 6981 6
818 2736 6
818 8097 6
818 2487 6
818 5209 6
818 8410 6
818 7750 6
818 4004 5
818 1638 5
818 6206 5
818 2871 5
818 8010 5
818 2029 5
818 5733 5
818 199 5
818 2442 5
818 6967 5
818 5241 5
818 6219 5
818 7110 5
818 5089 5
818 7325 5
818 7606 5
818 7009 5
818 6269 5
818 5180 5
818 6890 5
818 2730 5
818 6296 5
818 6168 5
818 7633 5
818 4093 5
818 7244 5
818 7191 5
818 3427 4
818 3178 4
818 3689 4
818 7499 4
818 4460 4
818 6685 4
818 3953 4
818 4548 3
818 7884 3
818 7662 3
818 7500 3
818 2879 2
818 6136 2
7499 199 7
7499 2556 7
7499 6732 7
7499 6025 7
7499 2002 6
7499 8097 6
7499 5089 6
7499 6577 6
7499 5209 6
7499 7878 6
7499 5293 6
7499 5180 5
7499 818 5
7499 2404 5
7499 6159 4
7499 6685 4
7499 4460 3
7499 7046 3
7499 2029 3
7499 6814 3
7499 3397 3
7499 1901 3
7499 7884 3
7499 2871 3
7499 7633 3
7499 2879 3
7499 3953 3
7499 4440 3
7499 1638 2
7499 7636 2
7499 7216 2
7499 7662 2
7499 6225 2
7499 5473 2
7499 815 2
7499 6206 2
7499 380 1
7499 6096 1
7499 6045 1
7499 3542 1
7499 8436 1
7499 842 1
7499 1952 1
7499 1472 1
7499 5565 1
7499 2181 1
7499 5714 1
7499 4105 1
7499 7106 1
7499 2730 1
7499 5107 1
7499 4362 1
7499 939 1
7499 3178 1
7499 581 1
7499 2137 1
2029 6480 10
2029 7750 9
2029 2645 9
2029 3497 9
2029 7187 9
2029 4508 9
2029 6159 8
2029 6446 8
2029 3198 8
2029 1848 8
2029 3542 8
2029 5354 7
2029 2871 7
2029 2002 6
2029 8097 6
2029 2487 6
2029 1184 6
2029 5733 6
2029 7009 6
2029 2736 6
2029 5209 6
2029 8422 6
2029 6161 6
2029 8410 5
2029 4171 5
2029 6206 5
2029 4004 5
2029 7633 5
2029 5180 5
2029 199 5
2029 7641 5
2029 818 5
2029 5477 5
2029 2730 5
2029 967 5
2029 5293 4
2029 3178 4
2029 3554 4
2029 559 4
2029 5241 4
2029 6296 4
2029 7890 4
2029 6685 4
2029 3397 4
2029 4548 3
2029 5565 3
2029 3714 3
2029 6814 2
2029 7500 2
2029 7884 2
2029 1899 2
2029 3953 2
2029 7499 2
2029 7662 2
2029 6890 2
2029 3689 2
4548 6269 5
4548 3953 5
4548 818 5
4548 6814 4
4548 7633 3
4548 659 3
4548 1899 2
4548 4667 2
4548 2879 2
4548 1228 2
4548 4827 1
4548 5400 1
7884 6446 8
7884 7641 8
7884 7878 7
7884 6480 7
7884 6089 6
7884 705 6
7884 2736 6
7884 6890 6
7884 237 6
7884 8410 6
7884 6359 6
7884 6025 5
7884 6206 5
7884 7271 5
7884 6159 5
7884 818 5
7884 134 5
7884 6269 5
7884 7635 5
7884 5180 5
7884 7110 4
7884 1848 4
7884 3714 4
7884 3184 4
7884 6685 4
7884 5293 3
7884 7009 3
7884 4548 3
7884 6814 3
7884 7633 3
7884 7499 3
7884 8049 3
7884 7500 3
7884 5209 3
7884 1638 3
7884 4124 3
7884 7662 2
7884 2029 2
7884 2871 2
7884 2730 2
7884 3953 2
7884 3044 2
7884 7636 2
5180 1974 11
5180 7046 11
5180 2033 9
5180 2879 9
5180 2002 8
5180 6890 7
5180 3048 6
5180 199 6
5180 2029 6
5180 237 6
5180 818 6
5180 6210 6
5180 6025 5
5180 6732 5
5180 7884 5
5180 6685 5
5180 3554 5
5180 7110 4
5180 2659 4
5180 5293 4
5180 6159 4
5180 2871 4
5180 1638 4
5180 7499 4
5180 2730 4
5180 2404 4
5180 3953 4
5180 3397 3
5180 7662 3
5180 2540 3
5180 4460 3
5180 7633 3
6296 753 8
6296 4548 7
6296 7878 6
6296 6025 6
6296 2736 6
6296 7635 5
6296 7244 5
6296 4093 4
6296 6159 4
6296 5293 3
6296 7009 3
3849 6890 6
3849 2879 6
3849 7524 6
3849 6864 6
3849 8410 6
3849 8010 6
3849 3849 5
3849 6206 5
3849 2029 5
3849 3953 5
3849 3714 5
3849 5293 5
3849 7884 5
3849 7500 4
3849 200 1
7500 1384 10
7500 7524 9
7500 142 9
7500 5209 8
7500 3542 8
7500 7187 8
7500 753 7
7500 7878 7
7500 2832 7
7500 6480 7
7500 1230 7
7500 3497 7
7500 4008 7
7500 6136 7
7500 6981 7
7500 7499 7
7500 3845 6
7500 2002 6
7500 4900 6
7500 705 6
7500 2736 6
7500 2487 6
7500 4257 6
7500 8097 6
7500 199 6
7500 3427 6
7500 8422 6
7500 7750 6
7500 4616 6
7500 6025 6
7500 8410 6
7500 2879 6
7500 1200 5
7500 6296 5
7500 2645 5
7500 6864 5
7500 5733 5
7500 8010 5
7500 4004 5
7500 1848 5
7500 3302 5
7500 7191 5
7500 6206 5
7500 818 5
7500 6359 5
7500 7110 5
7500 134 5
7500 7244 5
7500 6890 5
7500 7635 4
7500 7009 4
7500 7662 4
7500 6685 4
7500 3849 4
7500 5293 3
7500 5241 3
7500 2871 3
7500 7633 3
7500 3397 3
7500 7884 3
7500 2029 3
7500 6814 2
7500 4548 2
7500 3953 2
7500 2730 1
7500 4077 1
7500 1184 1
7271 7878 9
7271 4624 9
7271 365 7
7271 331 6
7271 8061 6
7271 5733 6
7271 2193 6
7271 1901 6
7271 6159 6
7271 3048 5
7271 6025 5
7271 7673 5
7271 7884 5
7271 7633 5
7271 4528 4
7271 6732 4
7271 3427 4
7271 7641 4
7271 3074 4
7271 4752 4
7271 7052 4
7271 7409 4
7271 6893 3
7271 5379 3
7271 3554 3
7633 2404 6
7633 6296 6
7633 6025 6
7633 2029 5
7633 6159 5
7633 7267 5
7633 6893 5
7633 7271 5
7633 7244 5
7633 3714 4
7633 4528 4
7633 1638 4
7633 6171 4
7633 969 3
7633 5293 3
7633 5180 3
7633 3953 3
7633 7500 3
7633 7662 3
7633 6814 3
7633 5107 3
7633 4548 3
7633 7884 3
7633 4460 3
7633 3397 3
7633 7499 3
7633 2730 3
7633 7046 3
4411 2730 11
4411 7662 11
4411 7878 10
4411 2170 8
4411 7187 8
4411 984 7
4411 6318 5
4411 7635 5
4411 7524 4
4411 7009 3
199 2611 11
199 4508 11
199 2170 10
199 7499 9
199 6981 9
199 764 9
199 2002 9
199 2832 9
199 57 9
199 7325 8
199 559 8
199 6446 8
199 6480 8
199 3198 8
199 5209 8
199 2029 8
199 5565 8
199 7187 7
199 2182 7
199 7878 7
199 4548 7
199 3497 7
199 3845 7
199 2540 7
199 7636 6
199 7662 6
199 8410 6
199 1308 6
199 8010 6
199 2879 5
199 1638 5
199 6685 5
199 5241 5
199 6206 5
199 5293 5
199 3953 5
199 6864 5
199 7110 5
199 3397 5
199 7884 5
199 6890 5
199 7792 5
199 4528 5
199 5733 5
199 5180 5
199 818 5
199 2442 5
199 3714 5
199 4460 5
199 7641 5
199 2404 5
199 6025 5
199 3689 5
199 5089 5
199 7009 5
199 2730 4
199 6732 4
199 7635 4
199 3178 4
3689 7878 11
3689 7500 10
3689 6890 10
3689 4508 8
3689 8410 6
3689 8010 4
3689 5241 3
3689 8404 3
3689 3953 3
3689 6814 2
3689 7662 2
3689 2029 2
4594 8010 7
4594 3178 7
4594 818 7
4594 5733 7
4594 1859 7
4594 6269 6
4594 4971 6
3953 7878 10
3953 1384 9
3953 2182 9
3953 969 8
3953 6446 8
3953 7750 8
3953 8010 8
3953 3198 8
3953 2645 8
3953 7325 8
3953 753 7
3953 7641 7
3953 7187 7
3953 3184 7
3953 2832 7
3953 1230 7
3953 6480 7
3953 2540 7
3953 4008 6
3953 8097 6
3953 6161 6
3953 7636 6
3953 3497 6
3953 3845 6
3953 2002 6
3953 2487 6
3953 2736 6
3953 5209 6
3953 8410 6
3953 5733 6
3953 7792 6
3953 7009 5
3953 3849 5
3953 199 5
3953 6577 5
3953 6206 5
3953 818 5
3953 6269 5
3953 6025 5
3953 4004 5
3953 6890 5
3953 4033 5
3953 4093 4
3953 4548 4
3953 6168 4
3953 6159 4
3953 7633 4
3953 2730 4
3953 7191 4
3953 5293 4
3953 2871 4
3953 6496 4
3953 6814 4
3953 2879 4
3953 6685 4
3953 3542 4
3953 5180 3
3953 8436 3
3953 559 3
3953 5241 3
3953 958 3
3953 1638 3
3953 3714 3
3953 3178 3
3953 3641 3
3953 3689 3
3953 7662 2
3953 7884 2
3953 7499 2
3953 7500 2
3953 2029 2
3953 1901 2
3953 3397 2
3953 5565 2
536 6296 6
536 7524 5
536 5400 5
536 7556 4
536 7009 4
536 1073 1
7890 7966 1
7890 7106 1
7890 5473 1
7890 6206 1
7890 2838 1
7662 4093 11
7662 799 11
7662 5523 11
7662 7878 10
7662 1974 10
7662 57 9
7662 2879 9
7662 7271 8
7662 3497 8
7662 7641 8
7662 7325 8
7662 2002 8
7662 199 8
7662 3044 7
7662 7187 7
7662 2182 7
7662 3427 6
7662 3184 6
7662 6025 6
7662 5733 6
7662 8061 5
7662 6269 5
7662 7110 5
7662 5089 5
7662 6159 5
7662 4118 5
7662 818 4
7662 537 4
7662 6577 4
7662 4744 4
7662 4077 4
7662 2871 4
7662 5180 4
7662 7500 4
7662 4460 4
7662 3641 3
7662 7499 3
7662 7633 3
7662 1638 3
7662 659 3
7662 5293 3
7662 6814 3
7662 2029 3
7662 2540 3
7662 2925 3
7662 3953 3
7662 4548 3
7662 7191 3
7662 8436 3
7662 4124 3
7662 7884 2
7662 6890 2
7662 3542 2
7662 29 2
7662 505 2
7662 3689 2
7662 2181 2
7662 4667 2
7662 1899 2
7662 4726 2
7662 4628 2
7662 7636 2
7662 3554 2
7662 2730 2
7662 2404 2
7106 2730 10
3497 8410 9
3497 6446 9
3497 4508 8
3497 3198 8
3497 7187 7
3497 199 7
3497 7878 7
3497 2002 7
3497 1230 7
3497 5241 6
3497 4004 6
3497 8097 6
3497 8010 6
3497 3953 6
3497 4548 6
3497 7792 6
3497 6890 6
3497 6025 6
3497 5293 6
8097 5733 6
8097 8424 6
8097 969 6
8097 818 6
8097 7499 6
8097 7325 6
8097 984 6
8097 3497 6
8097 7500 6
8097 7556 6
8097 8097 6
8097 7524 6
8097 6496 6
7878 3689 11
7878 2832 11
7878 3397 11
7878 1974 11
7878 2611 11
7878 5180 11
7878 6864 11
7878 4411 10
7878 7641 10
7878 7325 10
7878 8010 10
7878 6890 10
7878 4616 10
7878 1638 10
7878 3953 10
7878 617 10
7878 7662 10
7878 2487 10
7878 6480 9
7878 7271 9
7878 4093 9
7878 2730 9
7878 1384 9
7878 57 9
7878 6446 8
7878 7187 7
7878 753 7
7878 1230 7
7878 7884 7
7878 7956 7
7878 2002 7
7878 7500 7
7878 199 7
7878 1308 7
7878 3497 7
7878 7635 7
7878 818 7
7878 7009 6
7878 6269 6
7878 6296 6
7878 7499 6
6890 7641 11
6890 2002 10
6890 7325 10
6890 3689 10
6890 7878 10
6890 1384 10
6890 6025 7
6890 3497 7
6890 818 7
6890 5180 6
6890 3397 6
6890 2487 6
6890 7884 6
6890 5241 6
6890 2879 6
6890 3953 6
6890 6967 6
6890 4093 6
6890 5293 6
6890 199 6
6890 7750 5
6890 4548 5
6890 4033 5
6890 7191 4
6890 7662 3
6890 2029 2
6890 3554 2
6890 4628 2
6890 3829 2
6890 6318 2
6890 7216 1
6890 4122 1
6890 3542 1
6890 405 1
6890 6537 1
6890 2511 1
6890 8204 1
6890 7799 1
6890 57 1
6890 3714 1
6890 414 1
6890 3641 1
6967 2730 2
6967 29 2
6967 3689 2
6967 1706 1
6967 7799 1
6814 4508 8
6814 3497 8
6814 3198 8
6814 818 8
6814 2832 7
6814 6890 6
6814 4004 6
6814 2442 5
6814 2879 4
6814 5293 4
6814 4077 4
6814 559 4
6814 2029 3
6814 5241 3
6814 3641 3
6814 7884 3
6814 7633 3
6814 659 3
6814 3397 3
6814 3714 3
6814 7499 3
6814 8129 2
6814 7500 2
6814 4548 2
6814 3689 2
6814 1472 2
6814 4827 1
7636 2029 3
7636 3427 3
7636 7884 3
7636 7662 2
1073 2958 2
1073 5369 1
1073 4399 1
1073 536 1
1073 5658 1
1073 7054 1
1073 1193 1
1073 426 1
1073 2511 1
2556 5180 7
2556 8422 7
2556 7271 7
2556 3048 7
2556 2378 7
2556 3953 6
2556 8010 6
2556 6864 6
2556 6732 6
2556 2730 5
2556 1638 5
2556 7890 5
2556 6159 5
2556 5089 5
2556 7325 5
2958 7009 7
2958 2461 1
2958 2181 1
2958 3845 1
2958 4519 1
2958 3033 1
2958 3545 1
2958 6784 1
2958 5477 1
2958 7299 1
2958 7636 1
2958 5023 1
2958 5220 1
2958 3940 1
2958 1213 1
2958 1472 1
2958 200 1
2958 1880 1
2958 6444 1
5733 4616 10
5733 2182 9
5733 7271 8
5733 753 8
5733 3542 8
5733 4594 8
5733 7750 7
5733 7325 6
5733 3397 6
5733 8424 6
5733 4004 6
5733 8097 6
5733 2730 6
5733 2404 6
5733 2029 6
5733 7009 6
5733 4093 6
5733 3953 6
5733 6685 6
5733 5293 5
5733 7635 5
5733 7662 5
5733 7500 5
5733 818 5
5733 199 5
5733 2442 5
5733 6269 5
5733 6206 5
2832 7500 11
2832 7878 11
2832 3845 9
2832 4508 8
2832 4004 8
2832 5209 8
2832 8410 8
2832 2002 8
2832 818 8
2832 7187 8
2832 7662 8
2832 5241 7
2832 3497 7
2832 2730 7
2832 6890 7
2832 6814 7
2832 3953 7
2832 3689 2
2351 818 7
2351 3497 7
2351 536 7
2351 7325 7
2351 2730 7
2351 7009 7
2351 6269 7
2351 2415 1
2351 2838 1
2351 272 1
2351 6686 1
8404 2879 4
8404 4460 3
8404 3554 3
8404 3689 3
8404 4124 3
8404 5565 3
8404 2239 3
8404 8049 3
3542 818 8
3542 7662 8
3542 6480 8
3542 5293 8
3542 6814 8
3542 2029 8
3542 3198 8
3542 2730 8
3542 3497 8
3542 5733 8
3542 2832 7
3542 7500 4
3542 7499 4
3542 4548 4
3542 3953 4
3542 3689 2
4004 3497 8
4004 4548 7
4004 5733 7
4004 5241 6
4004 6814 6
4004 2029 6
4004 6206 6
4004 7792 6
4004 818 5
4004 7500 5
4004 5293 5
4004 3953 5
6159 7809 6
6159 5180 6
6159 7271 6
6159 6874 6
6159 2404 6
6159 2730 6
6159 7884 5
6159 6685 5
6159 1901 5
6159 2556 5
6159 6025 5
6159 3397 5
6159 7662 5
6159 4528 4
6159 4460 4
6159 3048 4
6159 3953 4
6159 3554 4
6159 6296 4
6159 3074 4
6159 6577 4
6159 2602 4
6159 7641 4
6159 3427 4
1638 7878 10
1638 6577 10
1638 6480 10
1638 2871 7
1638 7325 7
1638 2556 6
1638 6732 5
1638 199 5
1638 8422 5
1638 5293 5
1638 4460 5
1638 5089 5
1638 7633 4
1638 5180 4
1638 7271 4
1638 3953 3
1638 2413 3
1638 7662 3
1638 6039 3
1638 7009 3
1638 7046 3
1638 3554 3
1638 2879 3
1638 3397 3
1638 7884 3
1638 1638 2
1638 7499 2
1638 2730 2
1638 7244 2
1638 4827 2
1638 1899 2
1638 5369 2
1638 4124 2
7325 7878 10
7325 199 10
7325 2002 9
7325 7187 8
7325 1230 7
7325 6732 7
7325 1638 7
7325 3845 7
7325 6269 7
7325 2351 7
7325 6890 7
7325 3397 7
7325 5293 7
7325 7890 6
7325 5180 6
7325 1901 6
7325 2404 6
7325 7662 6
7325 8097 6
7325 8410 6
7325 5733 6
7325 6025 5
7325 6864 5
7325 2556 5
7325 818 5
7325 7009 5
7325 3953 5
7325 2730 5
7325 6168 5
7325 3714 5
7325 7191 5
7325 7641 4
7325 2879 4
6685 6480 7
6685 6159 6
6685 5733 6
6685 6025 5
6685 818 5
6685 6206 5
6685 7244 5
6685 6359 4
6685 3397 4
6685 705 4
6685 1848 4
6685 7499 4
6685 2871 4
6685 4077 4
6685 2029 4
6685 5180 4
6685 134 4
6685 7009 4
6685 5293 4
6685 3953 4
6685 7884 4
6685 7500 4
6685 5398 4
142 7878 11
142 6890 11
142 7662 9
142 7556 6
142 7524 5
142 536 4
142 4004 3
142 2879 2
142 7500 2
984 5372 9
984 2170 8
984 5089 7
984 4411 7
984 7187 7
984 7750 7
984 7956 7
984 2182 7
984 1230 7
984 818 7
984 1308 6
984 8097 6
7524 7244 10
7524 6296 8
7524 536 4
7524 142 4
7524 7556 4
7524 1185 2
7524 172 1
7524 7704 1
7524 426 1
7524 6062 1
7524 4432 1
7524 4033 1
5685 3545 1
5685 7106 1
5685 2238 1
7799 3714 2
7799 6967 1
7799 6890 1
7799 2029 1
7799 958 1
939 4440 2
939 2043 2
939 1213 1
200 4122 1
200 939 1
200 4432 1
200 4077 1
200 3555 1
200 5645 1
200 1880 1
200 967 1
200 3184 1
200 581 1
7556 4257 6
7556 536 4
7556 7524 4
5379 7327 9
5379 2659 8
5379 4158 7
5379 4528 5
5379 7792 5
5379 6159 4
5379 7271 3
5379 4124 3
5379 3542 3
5379 7799 3
5379 3427 2
5379 3689 2
5379 3554 2
5379 6890 2
5379 754 1
1899 7884 2
1899 7985 2
1899 2461 2
1899 7499 2
1899 1472 2
1899 6225 2
1899 1184 2
1899 2181 2
1899 5590 2
1899 1638 2
1899 5056 2
1899 659 2
1899 8436 2
1899 6814 2
1899 3689 2
1899 7636 2
1899 2029 2
1899 6890 2
1899 7662 2
1899 4548 2
1899 3831 2
1899 4827 2
1899 5477 2
1899 2832 2
1899 764 2
2404 5523 9
2404 7325 8
2404 1974 8
2404 8061 7
2404 2871 7
2404 5733 6
2404 7271 6
2404 635 6
2404 6025 6
2404 3714 6
2404 1308 6
2404 3427 6
2404 7499 6
2404 199 5
2404 6159 5
2404 5089 5
2404 6577 4
2404 4460 4
2404 5180 4
2404 2730 4
2404 7191 3
2404 2879 2
2404 7662 2
2404 6237 2
2404 4195 2
2404 3397 2
2404 4033 2
2404 3184 2
2404 3829 2
799 753 11
799 3497 11
799 3816 11
799 2730 11
799 7662 11
799 199 11
799 331 11
799 6890 10
799 6480 10
799 1737 10
799 7635 10
799 8010 10
799 1308 10
799 7878 9
799 6343 9
799 5180 9
799 3845 8
799 6296 7
799 7009 7
6096 6446 1
8010 799 10
8010 7878 10
8010 6444 10
8010 1384 9
8010 6446 8
8010 4594 8
8010 7187 8
8010 3497 6
8010 2730 6
8010 8410 6
8010 199 6
8010 818 5
8010 7500 5
8010 3953 5
8010 3689 4
8010 5293 4
8010 7009 4
5477 29 2
5477 1899 2
5477 2730 2
5477 2879 2
5477 3831 2
5477 2029 2
5477 5590 2
5477 5208 2
5477 3542 1
5477 5565 1
5477 7499 1
5477 3845 1
5477 5336 1
5477 3178 1
5477 3689 1
5477 4667 1
5477 4077 1
5477 2112 1
5477 1182 1
5477 4984 1
5477 1200 1
5477 8257 1
5477 5397 1
5477 3397 1
5477 2958 1
5477 2461 1
5477 4147 1
1848 5293 6
1848 7635 6
1848 7110 5
1848 7884 4
5209 7187 8
5209 7500 6
5209 5293 6
5209 6890 6
5209 6206 6
5209 4548 6
5209 2736 6
5209 2871 6
5209 8410 6
5209 7499 6
5209 818 6
5209 6814 3
5209 7884 3
5209 29 2
5209 5610 1
5209 5565 1
5209 764 1
5209 1182 1
5209 5336 1
5209 2461 1
5209 7799 1
5209 2925 1
5209 7757 1
5209 967 1
5209 1231 1
5209 4682 1
5209 939 1
5209 7652 1
5209 3033 1
5209 693 1
5209 2029 1
5209 2953 1
5209 2838 1
5209 6778 1
5209 5397 1
5209 3953 1
5209 1997 1
5209 3542 1
2487 7878 10
2487 2182 10
2487 1472 9
2487 764 9
2487 6446 8
2487 6480 8
2487 7187 7
2487 3845 7
2487 8097 6
2487 7662 6
2487 2002 6
2487 2029 6
2487 7499 6
2487 7500 6
2487 2730 6
2487 2404 6
2487 5293 6
2487 6269 6
2487 5180 6
2487 6890 6
2487 3714 6
2487 818 6
2487 3953 6
2487 6025 6
2487 2871 6
2487 3397 6
1249 5709 2
1249 6237 1
7635 7878 7
7635 1848 6
7635 6025 6
7635 7662 5
7635 2730 5
7635 6269 5
7635 5293 5
7635 4411 5
7635 7500 4
7635 7009 4
7635 6296 4
7635 7884 4
1706 2730 1
1706 5565 1
1706 7106 1
1706 3178 1
1706 6967 1
1706 764 1
1706 5700 1
1706 6959 1
1706 3033 1
1706 3714 1
1706 823 1
2736 6210 6
2736 2029 6
2736 7500 6
2736 818 6
2736 6444 6
2736 8410 6
2736 7884 6
2736 6890 6
2736 4548 6
2736 5209 6
2736 6296 6
2736 5293 6
2736 6025 6
2736 3953 6
2736 7792 6
1901 5293 7
1901 7244 7
1901 7009 7
1901 3178 7
1901 7271 5
1901 6159 5
1901 4460 4
1901 7409 3
1901 3554 3
1901 2404 2
1901 3953 2
8052 7244 2
5412 7089 5
5412 6269 5
5565 7500 3
5565 8404 3
5565 3953 2
5565 7499 1
1472 5565 3
1472 2879 2
1472 6237 2
1472 3542 1
1472 3714 1
2181 3829 2
2181 2404 2
2181 4519 1
2181 7499 1
2181 7985 1
2181 5286 1
2181 6950 1
2181 2958 1
2181 5700 1
1308 799 10
1308 4628 9
1308 2692 9
1308 687 9
1308 6397 9
1308 8396 9
1308 7052 9
1308 2832 9
1308 2182 9
1308 7641 9
1308 1974 9
1308 2879 9
1308 753 8
1308 1230 7
1308 818 7
1308 7500 7
1308 7009 7
1308 7878 6
1308 984 6
1308 8010 6
1308 2556 6
1308 969 6
1308 8061 6
1308 199 6
1308 5293 6
1308 5089 6
1308 7890 6
1308 6864 6
1308 7884 5
1308 8038 5
1308 6225 5
1308 6158 5
1308 6893 5
1308 7046 5
1308 3044 5
1308 7499 5
1308 2404 5
1308 7662 5
1308 7633 5
1308 5180 5
1308 4460 5
1308 7635 5
1308 6732 5
1308 3397 5
1308 3714 5
1308 6618 4
1308 134 3
1308 5012 2
1308 5592 2
1308 2895 2
1308 3273 2
1308 3987 2
1308 5789 2
1308 958 2
1308 2730 2
1308 5468 2
1308 2116 2
1308 2944 1
1308 3178 1
1308 7707 1
8061 3044 8
8061 8061 7
8061 3397 7
8061 4238 7
8061 5089 6
8061 6206 6
8061 4528 5
8061 7110 5
8061 6269 5
8061 6444 4
8061 617 3
8061 7009 3
8061 3953 3
8061 4460 3
8061 7636 3
8061 3427 3
8061 3554 3
2879 2730 9
2879 7299 9
2879 6577 9
2879 2404 9
2879 3714 9
2879 7662 9
2879 5180 8
2879 6025 8
2879 7110 5
2879 7191 3
2879 4491 2
2879 3397 2
7857 2181 2
1880 3178 1
1880 6866 1
1880 3094 1
1880 7860 1
6864 7878 11
6864 7635 6
6864 5089 6
6864 7325 6
6864 818 6
6864 5293 5
6864 199 5
6864 4460 5
6864 7009 5
6864 4118 3
6864 5590 2
6864 2948 1
6864 764 1
7388 2879 2
7388 800 1
6343 6446 8
6343 6480 8
6343 753 8
6397 1308 9
6397 8010 5
6446 2182 9
6446 5372 9
6446 2002 8
6446 5209 8
6446 2029 8
6446 6343 8
6446 8410 8
6446 2487 8
6446 8010 8
6446 3397 8
6446 7325 8
6446 2832 8
6446 6480 8
6446 3497 8
6446 7878 8
6446 4508 8
6446 199 8
6446 4004 8
6446 7187 8
6446 3689 8
6446 3198 8
6446 3048 8
6446 7662 8
6446 3953 1
6446 5565 1
5590 7662 2
5590 6225 2
5590 1472 2
5590 1941 2
5590 7636 2
5590 2832 2
5590 3993 1
5590 5468 1
5590 6446 1
5590 5708 1
5590 5208 1
5590 5352 1
5590 5565 1
5590 939 1
5590 958 1
5590 655 1
5590 1183 1
7046 6732 5
7046 3397 4
7046 5481 4
7046 5180 4
7046 1813 3
7046 7499 3
7046 4460 3
7046 7968 3
7046 7633 3
7046 2730 3
7046 1638 3
7046 7354 2
7046 815 2
7046 7985 2
6480 2002 11
6480 1384 10
6480 1638 10
6480 7878 10
6480 6343 8
6480 199 8
6480 969 8
6480 3542 8
6480 2645 8
6480 3158 8
6480 2487 8
6480 753 7
6480 2730 7
6480 818 7
6480 2871 7
6480 7884 7
6480 2182 7
6480 6089 7
6480 7500 7
6480 3953 7
6480 6685 7
3845 7641 8
3845 536 8
3845 6025 7
3845 199 7
3845 818 7
3845 2487 7
3845 6890 6
3845 4971 6
3427 4033 6
3427 5180 6
3427 6025 6
3427 4093 4
3427 3048 4
3427 7662 4
3427 6577 4
3427 1472 3
3427 3554 2
3427 2879 2
6161 7884 6
6161 5733 5
6161 6269 5
6161 3178 4
6161 3397 4
6161 6296 4
6161 635 4
6161 5036 1
6161 764 1
3714 3714 9
3714 2879 9
3714 4093 8
3714 5180 8
3714 7325 8
3714 199 7
3714 2404 5
3714 6025 5
3714 5089 5
3714 7110 5
3714 7884 4
3714 4460 4
3714 8472 3
3714 3953 3
3714 2925 3
3714 2730 3
3714 4394 3
3714 4491 2
3714 3641 2
3714 5709 2
3714 7799 2
3714 7500 1
3714 3987 1
3714 1231 1
3714 6890 1
3714 1997 1
3714 7888 1
3714 1706 1
3714 8308 1
3714 172 1
3714 1472 1
3714 8204 1
3714 6444 1
7641 4624 11
7641 4093 11
7641 7662 11
7641 1308 10
7641 7878 10
7641 2879 9
7641 3397 8
7641 2730 8
7641 7325 7
7641 199 7
7641 6269 5
7641 3048 4
7641 7838 4
7641 3427 4
7641 7409 4
7641 7271 4
7641 3554 4
7641 6159 4
1213 1498 1
1213 2953 1
1213 7524 1
1213 29 1
1213 939 1
796 2832 11
796 3397 11
796 4093 11
796 5180 11
796 6890 11
796 8381 10
796 6814 10
796 7009 10
796 3427 2
796 7884 2
796 1472 2
796 7023 2
796 1184 2
796 2879 2
7838 1578 5
7838 7641 4
7838 7271 4
7838 7046 3
3641 7884 3
3641 3953 3
3641 3689 3
3641 5241 3
3641 659 3
3641 5293 3
3641 6814 3
3641 2879 3
3641 7662 3
3641 7161 3
3641 8129 3
3641 4171 1
3641 3714 1
3641 6890 1
3641 958 1
3641 4827 1
958 764 1
958 2646 1
958 3953 1
958 3714 1
958 7799 1
331 6025 8
331 2991 7
331 3714 4
331 5685 4
331 7271 4
331 2958 1
3297 3849 3
3297 5400 2
7968 3829 2
7968 635 1
5700 8410 6
5700 8010 5
5700 7792 5
5700 7244 5
5700 8449 1
5700 7900 1
5700 7707 1
5700 1706 1
5700 2181 1
5700 764 1
3554 4195 5
3554 7110 5
3554 6590 5
3554 5180 5
3554 3048 4
3554 3074 4
3554 6159 4
3554 7641 4
3554 7409 4
3554 2602 4
3554 1901 3
3554 7271 3
3554 2413 3
3554 8404 3
3554 4460 3
3554 5379 3
3554 4124 3
3554 3427 2
3554 7662 2
3554 3233 2
3554 6786 1
3554 426 1
2925 3714 3
2925 4124 3
2925 29 1
2925 7799 1
2925 2029 1
2925 5209 1
2925 7900 1
6025 2487 8
6025 1230 7
6025 331 7
6025 6296 6
6025 6890 6
6025 2879 6
6025 7635 5
6025 7662 5
6025 4195 5
6025 6577 5
6025 6685 5
6025 7884 5
6025 7271 5
6025 5180 5
6025 5089 5
6025 7110 5
6025 199 5
6025 3714 5
6025 2602 5
6025 3953 5
6025 6159 5
7187 4508 8
7187 6446 8
7187 4411 8
7187 5209 8
7187 3198 8
7187 7325 8
7187 6025 8
7187 7500 8
7187 2487 7
7187 8010 7
7187 7878 7
7187 3497 7
7187 7662 7
7187 984 7
7187 6269 7
7187 199 7
7187 7187 7
7187 2002 7
7187 3953 7
7187 818 7
4938 2351 2
4938 7905 2
4938 7093 1
4623 6359 6
4623 7884 3
4623 4077 2
4623 3849 2
4623 1880 2
4623 808 2
4623 200 2
4623 4138 2
7191 199 7
7191 6025 7
7191 6159 6
7191 2404 4
7191 6814 4
7191 4440 3
7191 635 2
7191 7662 2
7191 7636 2
7191 4628 2
7191 2879 2
1384 799 11
1384 7325 11
1384 6480 10
1384 6890 10
1384 2002 10
1384 7009 10
1384 7662 10
1384 7500 10
1384 7878 9
1384 818 9
1384 8010 9
1384 3953 9
6168 5180 5
6168 3953 4
6168 8010 4
365 7325 7
365 7271 7
365 7046 7
365 6159 7
4432 426 1
4432 2511 1
4432 2953 1
4432 5645 1
4432 4033 1
4432 7704 1
4432 8021 1
4432 7524 1
4432 6062 1
4432 200 1
8396 969 10
8396 3953 10
8396 6577 9
8396 1308 9
8396 2879 9
8396 1737 7
4460 4238 9
4460 6786 6
4460 8061 4
4460 134 4
4460 7046 4
4460 2404 4
4460 7499 3
4460 3397 3
4460 5180 3
4460 2871 3
4460 8404 3
4460 3554 3
4460 7009 3
4460 7662 3
4460 7633 3
6359 8097 6
6359 5293 6
6359 7009 6
6359 4623 6
6359 7500 6
6359 6864 6
6359 7635 6
6359 7884 5
6359 6685 4
6359 3714 4
8398 2182 8
8398 753 8
8398 6864 7
8398 8410 6
8398 1184 6
8398 2002 6
8398 1974 6
8398 7635 5
8398 5241 5
8398 818 4
8398 4077 4
8398 8010 4
8398 2931 4
8398 8404 4
8398 3178 4
8398 6685 4
8398 7500 3
8398 7009 3
8398 4548 3
8398 4460 3
8398 6027 3
8398 3953 3
8398 1638 3
8398 7636 3
8398 7321 3
8398 8422 3
8398 5565 3
8398 7799 3
8398 3689 3
8398 8049 3
8398 3714 3
8398 2029 3
8398 6814 3
8398 6180 3
8398 2879 3
8398 6967 2
8398 7191 2
8398 7454 2
8398 3845 2
8398 2540 2
29 2925 3
29 2871 3
29 6967 2
29 5477 2
29 5209 2
29 7662 2
29 3953 1
4077 5293 4
4077 5107 4
4077 4548 4
4077 2871 4
4077 7499 4
4077 4394 4
4077 3397 4
4077 7884 4
4077 2029 4
4077 6685 4
4077 4623 4
4077 7662 4
4077 6814 2
4077 7500 1
5201 4124 4
5201 4460 4
5201 1185 2
5201 2879 2
559 2029 4
559 5293 4
559 6814 4
559 7500 3
559 3953 3
4033 6890 3
4033 4033 2
4033 2404 2
4033 2814 1
4033 1706 1
4033 6062 1
4033 4122 1
4033 3184 1
4033 939 1
4033 8021 1
4033 823 1
4033 7524 1
4033 57 1
4033 4432 1
4033 5292 1
4033 426 1
4033 3829 1
4033 7704 1
4033 815 1
6136 7161 5
6136 3953 4
6136 5293 4
6136 6171 4
6136 2730 2
2461 1899 2
2461 2029 2
2461 6814 2
2461 7636 1
2461 2915 1
2461 5477 1
2540 1230 7
2540 3953 7
2540 7662 7
2540 2556 7
2540 6890 7
2540 7140 7
2540 2404 7
2540 6025 7
2540 5180 7
2540 2730 7
2540 5412 6
2540 199 6
2540 4548 6
2540 7750 6
2540 5031 3
2540 7838 3
2540 1813 3
2540 3397 3
2540 2879 3
2540 7499 2
2540 7354 2
2540 5379 2
2540 8386 2
4616 5733 10
4616 142 10
4616 7878 10
4616 3233 1
4616 1189 1
8422 7325 10
8422 199 6
8422 1638 2
8422 7890 2
3987 2404 2
3987 3542 2
3987 939 1
3987 8204 1
3987 1997 1
3987 3714 1
3987 8308 1
3987 2659 1
3987 391 1
1952 764 1
1952 7499 1
1952 7106 1
1952 3178 1
7673 7271 5
7673 6159 5
7673 7641 5
2984 3171 1
8263 2170 5
8263 5685 1
8263 5565 1
7089 5412 5
7089 7556 3
7089 4491 2
7089 7244 2
8204 4077 1
8204 764 1
8204 1997 1
8204 3714 1
8204 1472 1
8204 3987 1
8204 5307 1
8204 2832 1
4171 8129 2
4171 4440 2
4171 551 2
4171 2879 2
4171 2404 2
4171 357 2
4171 5400 1
4171 2953 1
4171 6389 1
4171 148 1
4171 5397 1
4171 2646 1
4171 4432 1
4171 958 1
4171 5628 1
2002 6480 11
2002 6890 10
2002 1384 10
2002 199 9
2002 7878 9
2002 7325 9
2002 6296 9
2002 6446 8
2002 4508 8
2002 3198 8
2002 1230 7
2002 7187 7
2002 1737 7
2002 2871 7
2002 3497 7
2002 2029 6
2002 7662 6
2002 3953 6
2002 5180 6
5658 7106 1
5658 4725 1
5658 1073 1
3158 3497 8
3158 2170 8
3158 7187 8
3158 6480 8
753 57 9
753 3953 9
753 818 9
753 3497 8
753 8410 8
753 2730 8
753 4008 8
753 6343 8
753 2002 8
753 7500 8
753 7878 7
753 6480 7
753 7009 7
753 2182 7
753 6296 7
3712 7905 2
3712 1880 2
3712 4283 1
3712 7524 1
3712 2019 1
3712 2231 1
3712 3641 1
3712 4468 1
3712 1711 1
3712 5565 1
3712 5022 1
3712 200 1
3712 5208 1
3712 172 1
3712 4725 1
3712 4200 1
3712 2925 1
3712 4375 1
3712 7864 1
3712 3163 1
3712 3561 1
3712 6787 1
3712 2958 1
3712 8002 1
3712 7106 1
3712 3146 1
3712 1213 1
3712 6939 1
3712 2895 1
3712 5645 1
3712 2351 1
3712 939 1
3712 6594 1
3712 5307 1
3712 2391 1
3712 6687 1
3712 3157 1
3712 581 1
3712 6876 1
2948 4827 2
2948 958 1
2948 4033 1
2948 4122 1
2948 3094 1
2948 1687 1
2948 2023 1
2948 7836 1
2948 8344 1
2948 6389 1
2948 5523 1
2948 4491 1
2948 3849 1
2948 5400 1
2948 4402 1
2948 3780 1
2948 8343 1
2948 4943 1
2948 5517 1
2948 5628 1
2948 6045 1
2948 8087 1
2948 6864 1
2948 3017 1
2948 7704 1
2948 6787 1
2948 1169 1
2948 4072 1
2948 3586 1
2948 6037 1
2948 6189 1
2948 2511 1
2948 2656 1
2948 7087 1
2948 4105 1
2948 7180 1
2948 3324 1
2948 4754 1
2948 2391 1
2948 7737 1
587 4939 1
587 5692 1
587 253 1
587 6618 1
587 391 1
587 7216 1
6908 2953 1
6908 1231 1
6908 5307 1
6908 2832 1
3392 3953 4
3392 2879 3
6027 7009 3
6027 6027 3
6027 3427 2
5372 2002 9
5372 5523 9
5372 984 9
5372 6446 8
5372 2170 8
5372 2182 8
4671 6159 4
4671 3554 4
4671 7009 4
4671 559 3
4671 4394 3
4671 5036 1
4671 6899 1
842 7499 2
842 4894 1
410 4421 1
410 4197 1
410 6725 1
410 57 1
410 5209 1
410 8122 1
410 1929 1
410 5517 1
410 4444 1
410 1200 1
410 1687 1
410 939 1
410 2953 1
6496 2378 7
6496 8097 6
6496 8049 6
6496 3427 6
6496 3953 4
6496 7106 1
6496 2351 1
6496 7757 1
6496 939 1
6496 6537 1
6496 414 1
6496 4812 1
6496 5478 1
6496 426 1
2940 3178 2
6884 3542 1
1996 2926 2
1996 7857 2
1996 2646 1
8358 7290 2
8358 3542 2
8358 3178 2
8358 4317 2
8358 7244 2
1677 1498 1
1677 7180 1
4300 3497 7
4300 7009 6
6189 2948 1
6189 7836 1
6189 3091 1
6189 7614 1
7905 7290 2
7905 4938 2
7905 1184 2
7905 3178 2
7905 8263 2
7905 7561 2
7905 5272 2
7905 4105 2
7905 4440 2
7905 5565 2
7905 3712 2
7905 4077 2
4628 3427 5
4628 5180 4
4628 7499 2
4628 7191 2
4628 2730 2
4628 20 2
4628 3829 2
4628 3017 2
4628 6890 2
4628 3958 2
635 7968 1
635 4443 1
635 5517 1
635 3561 1
635 939 1
635 4105 1
635 3184 1
635 4118 1
635 4090 1
3829 7191 2
3829 2814 2
3829 2181 2
3829 2730 2
3829 5292 2
3829 7216 2
3829 2404 2
3829 7968 1
3829 4033 1
3829 3184 1
3829 5012 1
4093 2611 11
4093 5180 11
4093 4616 10
4093 7641 10
4093 1638 10
4093 7878 9
4093 2033 9
4093 3714 7
4093 199 6
4093 7750 5
4093 4548 5
4093 818 5
4093 7792 5
4093 6890 5
4093 3953 5
4093 6296 4
4093 7110 4
4093 7662 4
6577 7662 10
6577 1638 10
6577 4093 10
6577 4195 6
6577 3427 4
6577 2404 4
7110 237 5
7110 6269 5
7110 199 5
7110 7267 5
7110 6890 5
7110 4460 5
7110 7606 5
7110 7191 5
7110 4033 5
7110 2730 5
7110 4628 5
7110 7662 5
7110 2404 5
7110 3044 4
7110 2879 4
7110 1848 4
7110 4093 4
7110 5180 4
7110 7884 4
7110 3397 4
7774 7884 4
7774 3829 2
7402 1638 2
7402 4402 1
2871 6480 7
2871 1638 7
2871 984 7
2871 7662 7
2871 2002 7
2871 6685 7
2871 2404 7
2871 3397 6
2871 6025 6
2871 6732 6
2871 2487 6
2871 969 6
2871 3427 6
2871 7499 6
2871 7267 6
2871 5180 6
2871 818 5
2871 559 4
2871 3953 4
2871 4460 4
2871 1184 3
2871 7500 3
2871 7884 2
2871 6814 2
2871 5565 1
2871 5398 1
4090 5645 1
4090 635 1
4090 7491 1
5012 3829 1
5012 6355 1
5012 4443 1
3044 817 4
3044 7884 3
57 7878 9
57 5180 9
57 199 9
57 3397 9
57 4093 9
57 753 9
57 7641 9
57 7662 9
57 2832 9
57 2879 9
57 5400 1
57 1929 1
57 2694 1
57 6496 1
57 6890 1
57 2532 1
57 4033 1
7216 4628 2
7216 2879 2
7216 3829 2
7216 3178 1
7216 6890 1
5056 1638 2
5056 1899 2
5056 7602 2
5056 7857 2
5056 5369 1
5056 764 1
5056 7522 1
6148 1737 7
6148 6025 6
6148 7110 5
6148 3397 4
6148 4460 4
6148 4093 4
6148 4519 1
6148 4900 1
6148 6237 1
6148 939 1
6148 4362 1
6148 2511 1
6148 958 1
6148 5760 1
6148 3184 1
6148 4118 1
6148 557 1
6148 4556 1
6148 1183 1
6148 2841 1
1859 818 7
1859 7662 7
1859 6025 7
1859 5733 7
1859 6269 7
1859 1230 7
1859 4594 7
3017 5666 2
8002 3845 2
8002 2540 2
8002 4074 2
8002 4124 2
8002 2659 2
8002 1135 2
8002 5369 2
8002 2181 2
8002 5468 1
8002 7561 1
8002 3542 1
8002 7244 1
7522 2879 2
7522 6939 1
7522 2029 1
7522 5056 1
2814 2181 1
2814 2231 1
4971 5180 6
4971 3845 6
4971 6025 6
4971 7890 6
4971 4238 6
4971 4594 6
4971 7718 6
4971 7956 6
967 7191 5
967 7500 5
967 2029 5
967 2061 2
967 2953 1
967 200 1
4440 7191 3
4440 939 3
4440 7499 3
4440 2730 2
4440 4638 2
4440 2404 2
4440 7662 2
4440 3397 2
4440 5398 2
4440 8436 1
4440 2871 1
2231 6967 2
2231 1472 2
2231 7454 2
2231 5369 2
2231 5336 1
2231 17 1
2231 1474 1
2231 1092 1
2231 2782 1
2231 1706 1
2231 5671 1
2953 4432 1
2953 1498 1
2953 967 1
2953 2831 1
2953 2511 1
2953 1231 1
2953 6908 1
2953 5307 1
2953 3184 1
460 3714 3
414 6496 1
414 7499 1
414 6444 1
414 6045 1
414 5807 1
414 1193 1
414 2649 1
414 5370 1
414 3714 1
414 4362 1
414 6148 1
414 6890 1
414 7757 1
7140 237 6
7140 6890 6
7140 6025 5
6812 391 1
617 7878 10
617 2556 9
617 8061 3
617 7890 3
617 6886 3
617 8422 3
617 4074 3
617 7499 3
617 6355 3
617 5685 3
617 2879 2
697 4124 3
697 7009 3
697 2404 3
697 5565 3
697 7636 3
697 969 3
697 7884 3
7888 8038 1
7888 2532 1
7888 7196 1
7888 3714 1
7888 1231 1
4043 3178 1
7161 6136 5
7161 3953 5
5292 2879 2
5292 7106 1
5292 4033 1
5292 815 1
5292 8308 1
5292 120 1
5292 2281 1
1693 5292 1
1693 1200 1
1693 6237 1
1693 3184 1
6979 2537 1
8436 7662 3
8436 3397 3
8436 7009 3
8436 5293 3
8436 6446 3
8436 4460 3
8436 5180 3
8436 3714 3
8436 3641 2
8436 7884 2
8436 5036 1
8436 4440 1
8436 7499 1
8436 3184 1
8436 7962 1
8436 3953 1
6886 4093 4
6886 6886 2
6886 6206 1
969 8396 10
969 3953 8
969 7187 8
969 6480 8
969 1308 8
969 2182 7
969 2193 6
969 8097 6
969 7633 3
969 7009 2
969 4124 2
969 7191 2
969 2871 2
969 3178 2
969 2730 1
4885 3233 2
1200 3953 5
1200 4004 5
1200 7662 5
1200 5208 3
2931 5180 4
2239 7750 4
2239 8404 3
2239 6027 3
2239 3554 3
2239 7884 2
2239 4124 2
1474 3829 2
1474 172 1
5834 380 1
5834 5292 1
5834 2659 1
8049 6496 6
8049 6732 5
8049 4460 3
8049 7884 3
8049 8404 3
8049 3953 3
8049 4491 2
380 7106 1
380 7299 1
380 7757 1
380 6219 1
380 7873 1
380 7192 1
380 967 1
3184 7662 7
3184 6577 4
3184 7884 4
3184 537 4
3184 5709 2
3184 7774 2
3184 2404 2
3184 7704 1
3184 4105 1
3184 5400 1
3184 3829 1
3184 3953 1
3184 4122 1
3184 4033 1
3184 2953 1
2182 1308 9
2182 7009 9
2182 5523 9
2182 3497 9
2182 7499 9
2182 3714 9
2182 6446 9
2182 5733 9
2182 2879 9
2182 3953 8
2182 3845 8
2182 8398 8
2182 2730 8
2182 2645 8
2182 5372 8
2182 1737 7
2182 753 7
2182 7187 7
2182 7956 7
2182 6792 7
2182 969 7
2182 7878 7
2182 199 7
2182 984 7
2182 818 7
2182 6480 7
2182 7662 7
3555 3178 1
3555 4105 1
7454 1237 2
7454 2231 2
4757 5532 1
4519 2958 1
4519 6444 1
4519 764 1
4519 5398 1
4519 2181 1
4519 8436 1
4519 4122 1
4519 3780 1
4519 2871 1
4519 815 1
4519 200 1
4519 1231 1
4519 3184 1
537 3184 4
537 4460 4
537 3423 4
537 1901 4
4443 6025 7
4443 7009 5
4443 5180 5
4443 3714 5
4443 5036 1
4443 3178 1
5119 2404 2
6686 151 1
295 4122 1
295 7704 1
295 3397 1
295 5628 1
295 7369 1
4491 6027 3
4491 4124 3
4491 3953 3
4491 2879 2
4491 3714 2
4491 8049 2
7718 4971 8
7718 688 6
7718 3953 4
1230 7267 8
1230 2871 8
1230 1308 7
1230 2002 7
1230 3714 7
1230 8010 7
1230 7187 7
1230 7878 7
1230 2029 7
1230 7635 7
1230 5293 7
1230 7325 7
1230 7662 7
1230 5089 7
1230 984 7
1230 2730 7
1230 3845 7
1230 1859 7
1230 7500 7
1230 2540 7
1230 818 7
1230 6025 7
1230 3497 7
1230 3800 7
1230 3397 7
1230 6269 7
1230 8097 6
1230 5241 6
1230 3953 6
1230 6890 6
6237 2404 2
6237 2511 1
6237 1249 1
688 7718 4
688 7191 4
688 7641 4
688 6814 4
688 3074 4
688 8010 4
688 3554 4
688 4628 4
688 4033 4
688 3829 4
688 319 4
688 3953 4
688 3714 4
688 6159 4
688 4460 4
3746 4616 11
3746 2404 8
3746 7187 8
7704 3829 1
7704 4432 1
7704 4033 1
7704 3184 1
7704 2649 1
5592 3554 2
5592 2879 2
5592 5369 2
5592 8010 2
8430 7799 1
8430 4195 1
8430 4622 1
2511 939 1
2511 4432 1
2511 2953 1
2511 6237 1
5422 893 4
5422 3171 3
5422 1901 2
5422 5422 2
5024 2879 2
5024 2231 2
4375 1249 1
4375 4653 1
4375 1595 1
4375 2281 1
4375 7216 1
4375 405 1
4375 3829 1
5523 7500 11
5523 8010 11
5523 4616 11
5523 5180 10
5523 7662 9
5523 753 9
5523 5372 9
5523 818 9
5523 2879 9
5523 2182 9
5523 2404 9
5523 3845 8
5523 3714 8
5523 4508 8
5523 2002 6
5523 2730 2
5523 7636 2
5523 4399 1
5523 3987 1
5523 939 1
5523 3953 1
5523 764 1
5523 5369 1
5523 2948 1
5523 6444 1
5523 1880 1
5478 3542 4
5478 5293 4
5478 7500 4
5478 3953 1
5478 5490 1
5478 1880 1
5478 1213 1
5478 2895 1
5478 3178 1
5478 6496 1
5478 5220 1
764 199 9
764 5209 9
3303 7244 2
3303 6663 2
3303 7093 2
161 6864 8
8344 5468 1
6206 8061 7
6206 5209 6
6206 4004 6
6206 6025 6
6206 7093 6
6206 7792 6
6206 2730 6
6206 3397 5
6206 818 5
6206 2029 5
6206 199 5
6206 7884 5
6206 2645 5
6206 7409 5
6206 3953 5
6206 6269 5
6206 5733 5
6206 7500 5
6206 6685 5
6206 7499 1
6206 3714 1
6206 7023 1
5773 4124 2
5773 2879 2
2537 6886 2
2537 3958 2
2537 5400 1
2537 7196 1
2537 6979 1
2537 5176 1
2537 2098 1
2537 6037 1
2537 2958 1
2959 4077 1
2959 4345 1
2959 2864 1
3339 2170 11
3339 6446 3
134 1848 4
134 7110 4
134 7500 4
134 7884 4
134 6685 4
134 4460 3
134 5293 3
134 1308 3
17 6886 1
17 3542 1
17 6206 1
17 5209 1
17 3829 1
547 7801 1
547 7910 1
1498 7524 3
1498 2953 1
1498 1073 1
1498 1677 1
1498 1231 1
1415 3178 1
1415 1213 1
1415 4345 1
1415 5227 1
1415 5101 1
1737 799 11
1737 2879 9
1737 7662 8
1737 5180 8
1737 2182 7
1737 2002 7
1737 3714 7
1737 2730 7
1737 6148 7
1737 8396 7
1737 5089 6
1737 6864 6
8416 969 2
8416 3987 2
8416 5272 2
8416 168 2
8416 7392 2
8416 4220 2
8416 6206 2
2353 5397 1
2353 2895 1
2353 7524 1
2353 1234 1
2353 6920 1
2353 557 1
6666 6159 4
6666 7641 4
6666 3554 4
7956 7878 7
7956 2182 7
7956 984 7
7956 2556 6
7956 4971 6
5369 6814 2
5369 4519 2
5369 4075 2
5369 6957 2
5369 1638 2
5369 7321 2
5369 5107 2
5369 3714 2
5369 1901 2
5369 6219 2
5369 5592 2
5369 2505 2
5369 2231 2
5369 7379 2
5369 7602 2
5369 1073 2
5369 5523 2
5369 5807 2
5369 7023 2
5369 286 2
5369 8436 2
5369 5490 2
5369 5463 2
5369 7985 2
5369 1184 2
5369 5468 2
5369 5056 2
1974 5424 10
1974 2879 9
1974 1308 9
1974 2404 9
1974 8398 9
1974 2556 8
1974 7191 7
1974 6732 7
2170 818 8
2170 4411 8
2170 984 8
2170 5372 8
2170 7750 8
2170 8263 5
7559 536 2
7559 2958 2
6852 2879 9
6852 536 9
6852 6814 5
6852 3427 4
6852 6027 4
3302 3302 5
3302 818 5
3302 2879 5
3302 7500 5
3154 7704 1
3154 3641 1
5884 2879 3
7707 3178 1
7707 7106 1
6795 7009 5
6795 6732 5
6795 4460 5
6795 1730 5
6795 7046 5
6795 2730 5
2061 967 1
6444 2730 10
6444 7325 7
6444 199 6
6444 5089 6
6444 8410 6
6444 3953 6
6444 6159 6
6444 7890 6
6444 5733 6
6444 818 6
6444 7244 4
6444 3427 4
6444 6685 4
6444 7884 4
6444 7009 4
6444 8010 4
6444 7499 2
6444 3714 1
6444 3178 1
2915 764 1
2915 5209 1
4589 5473 2
6140 4200 1
8160 3033 1
8160 2351 1
8160 1778 1
8160 1880 1
8160 4725 1
8160 5692 1
8160 8436 1
8160 5036 1
8160 6037 1
8160 635 1
5823 5645 1
5823 331 1
253 7106 1
253 7306 1
253 2958 1
5789 1308 2
5789 2637 2
5789 7985 2
7369 4033 1
7369 295 1
4855 2958 2
4855 939 1
4855 7524 1
4855 6496 1
4855 1598 1
787 4402 1
2314 3154 1
1231 4077 1
1231 7888 1
1231 1498 1
1231 2953 1
1231 4519 1
1231 5209 1
1231 8436 1
1231 3714 1
1231 958 1
1231 200 1
1231 4440 1
1231 3184 1
7023 1472 2
7023 764 1
7023 3545 1
7023 6206 1
7023 5369 1
4726 7662 2
4726 7244 2
4726 2505 2
4726 7290 2
4726 808 2
4726 3178 2
6866 4375 1
6866 6496 1
6866 4090 1
4931 7028 1
4931 7774 1
4931 581 1
5517 1880 1
5517 4556 1
5517 3953 1
5517 4426 1
3758 460 1
3758 6394 1
3758 1200 1
2531 7704 1
2531 2079 1
2864 4077 1
2864 958 1
2864 3542 1
2864 1474 1
2864 764 1
2864 8160 1
2864 5209 1
2864 6784 1
2864 2959 1
2864 2281 1
1595 1181 1
1595 4077 1
1595 7888 1
1595 3033 1
1595 4122 1
1595 4653 1
1595 7900 1
1595 6444 1
1595 764 1
1595 168 1
1595 5807 1
1595 3107 1
1595 4375 1
1595 6717 1
1595 2649 1
1595 3714 1
1595 405 1
1595 6599 1
1595 3397 1
1595 3849 1
4200 939 1
4200 2657 1
4200 4653 1
4200 6884 1
4200 2285 1
4200 1794 1
4200 1352 1
4200 8442 1
4200 6140 1
2926 2345 1
2926 7093 1
2926 764 1
2926 4682 1
8257 2461 1
8257 3542 1
8257 380 1
8257 3068 1
8257 5292 1
8257 5477 1
8257 6341 1
8257 7829 1
8257 2281 1
7129 939 1
7129 440 1
7129 2782 1
7129 2250 1
7129 7860 1
2895 7877 2
2895 142 2
2895 7500 2
2895 5369 2
2895 2948 2
2895 969 2
2895 5477 2
2895 5422 2
2895 2637 2
2895 4033 2
2895 2953 2
2895 4519 2
2895 2511 2
2895 6219 2
2895 2659 2
2895 8436 2
2895 6957 2
2895 967 2
2895 5400 2
2895 5473 2
2895 2730 2
2895 2879 2
2895 5272 2
2895 8087 1
2895 4444 1
2895 4072 1
2895 5036 1
2895 800 1
2895 7106 1
2895 1288 1
2895 5519 1
2895 6037 1
2895 341 1
2895 5284 1
2895 1086 1
2895 557 1
2895 2353 1
2895 3953 1
2895 2724 1
2895 6444 1
2895 3306 1
2895 5478 1
2895 939 1
2895 2285 1
2895 7704 1
2895 295 1
2895 8393 1
2895 4197 1
2895 3157 1
3281 4171 1
3281 5636 1
6786 6159 6
6786 3048 5
6786 4033 1
6786 3554 1
7991 5628 1
7991 8087 1
7991 3953 1
7991 4171 1
7991 5490 1
7991 4197 1
286 3714 3
286 659 2
286 3689 2
286 939 2
286 3953 2
286 1472 2
286 7799 2
286 3185 1
286 6045 1
286 5807 1
286 958 1
286 5369 1
5221 3302 5
5221 2029 2
7877 6219 1
7877 7524 1
7877 939 1
4257 7500 6
4257 7556 6
7480 7321 3
7480 7633 3
7480 7009 3
7480 2879 3
7480 2730 3
7480 7354 2
6210 2736 6
6210 5180 6
6210 2737 4
4943 1880 1
4943 4105 1
4943 6219 1
6229 7409 4
6229 5064 4
6229 3689 4
6229 4548 4
6229 6814 4
6229 5241 4
6229 4460 3
6229 7500 2
6355 617 4
6355 7838 4
6355 4074 2
6355 422 2
7321 7321 3
7321 422 2
7321 8422 2
7321 939 2
7321 5685 2
7321 4638 2
7321 2491 2
7321 7890 2
4074 4074 2
2238 7106 1
2238 6355 1
2238 5685 1
8424 8097 6
8424 7890 6
8424 2556 6
8424 8422 5
2378 2879 7
2378 7325 7
2378 8061 7
2378 8422 6
2378 6732 6
2378 2556 6
4638 1695 2
4638 1638 2
4638 7499 2
4638 4440 2
4638 4171 2
4638 7321 2
4638 5473 2
4638 2491 2
6039 3953 5
6039 7191 3
6039 1638 3
1730 6355 3
1730 5685 3
1730 6027 3
1730 4074 3
1730 7890 3
7182 238 6
7182 7271 5
7182 7009 5
7435 6089 6
7435 7500 6
7435 3397 6
4124 5036 3
4124 7409 3
4124 5293 3
4124 5379 3
4124 697 3
4124 4491 3
4124 5201 3
4124 2925 3
4124 8404 3
4124 7299 3
4124 3554 3
4124 7884 3
4124 7662 3
4124 2239 2
4124 7009 2
4124 969 2
4124 505 2
4124 7500 2
4124 4827 2
4124 1638 2
4124 8002 2
4752 7271 5
4752 6732 4
4752 397 4
4752 7556 3
4752 5685 2
2442 3800 7
2442 8424 6
2442 199 6
2442 6814 5
2442 5733 5
2442 5089 5
2442 6269 5
2442 818 5
8131 2879 5
8131 7890 5
8131 7325 4
5272 7244 2
5272 2895 2
5272 5319 2
5272 1332 2
5272 5379 2
5272 1228 2
5272 7290 2
5272 8416 2
5272 7545 2
5272 6237 2
5272 6206 2
5272 422 2
5272 4667 2
5272 2730 2
5272 7905 2
5272 7106 1
2819 939 1
2819 4432 1
2819 815 1
422 617 3
422 7321 2
422 5685 2
422 7890 2
422 5272 2
422 2404 2
422 6355 1
1845 2838 1
2692 1638 10
2692 5424 8
5442 3611 1
5442 5490 1
5442 2645 1
5442 655 1
7083 7321 3
7083 7083 3
7083 8422 3
3940 2958 1
3145 7757 1
4281 5807 1
6710 6206 2
8443 7106 1
8443 7321 1
3421 5473 1
3421 8436 1
1964 2657 1
1964 6496 1
1964 4900 1
1964 4444 1
1964 2819 1
2491 1237 2
2491 7321 2
2491 4638 2
2917 3233 1
2917 5107 1
8406 8424 6
8406 7244 4
5286 2181 1
5286 1200 1
4444 6444 1
4444 939 1
4444 1880 1
4444 3178 1
4444 331 1
4444 4362 1
4444 6013 1
4444 1677 1
4444 2780 1
4444 5118 1
5093 7312 1
2112 1230 10
2112 2002 7
2112 6814 5
2112 4548 4
2112 7500 4
2112 3689 3
2112 3641 3
2112 3953 3
2112 659 3
2112 4394 3
2112 1184 2
2112 3993 2
2112 1200 1
8198 2461 1
8198 8002 1
8198 3178 1
8198 6864 1
8198 5352 1
8198 331 1
8198 5477 1
8198 7585 1
8198 7278 1
8198 1509 1
8198 5307 1
8198 4686 1
4827 4124 7
4827 3641 3
4827 1638 2
4827 1899 2
4827 2879 2
4827 2029 2
4827 2948 2
4827 4548 2
4827 6537 1
4827 1182 1
4827 1472 1
4827 6814 1
4827 764 1
4827 5220 1
3107 1213 2
3107 5292 1
1182 4077 1
1182 8263 1
1182 939 1
1182 5610 1
1182 4827 1
1182 764 1
1182 5209 1
1182 2915 1
1182 5477 1
1182 6814 1
6981 199 9
6981 764 9
6981 7500 7
6981 818 6
6981 3953 2
3993 2112 2
3993 3542 1
3993 5590 1
391 1498 1
7792 2736 6
7792 6206 6
7792 6814 6
7792 8410 6
7792 3953 5
7792 5293 5
7792 4004 5
7792 7635 5
7792 5700 5
7792 7499 5
7792 5379 5
7792 199 5
7792 6025 5
7792 4093 5
659 5241 4
659 3641 3
659 6814 3
659 8129 3
659 3689 2
659 1472 2
659 4548 2
659 1899 2
659 2029 2
1288 7499 1
8129 3641 3
8129 7799 3
8129 659 3
8129 6814 3
8129 4667 2
8129 3689 2
8129 1472 2
4508 5180 9
4508 3689 8
4508 7187 8
4508 6446 8
4508 818 8
4508 6814 8
4508 5293 8
4508 2730 8
4508 2002 8
4508 3198 8
4508 3497 7
4667 1899 2
4667 7662 2
4667 659 2
4667 2879 2
4667 4548 2
4667 5565 1
4667 3689 1
4667 764 1
4667 1184 1
4667 3542 1
4667 5477 1
4667 8257 1
4667 6814 1
4667 4077 1
5307 5397 1
5307 1498 1
5307 2953 1
5307 8204 1
5307 1231 1
5307 6908 1
5338 7799 1
5338 2953 1
5338 1231 1
7299 3397 9
7299 2879 9
7299 4124 3
7299 5400 1
7299 130 1
7299 7192 1
7299 789 1
7299 380 1
5220 3542 1
5220 5468 1
5220 5610 1
5220 4827 1
5220 7499 1
5220 7985 1
5220 5807 1
7985 5369 1
2377 5293 6
3068 7561 2
3068 5685 2
3068 3542 1
3068 7196 1
3068 5565 1
3068 8257 1
3068 1472 1
2649 4432 1
2649 7106 1
2649 414 1
2649 8087 1
2649 7962 1
2649 7704 1
2649 3178 1
7602 5369 2
7602 5056 2
7602 3953 2
6318 29 2
6318 7799 1
6318 7093 1
168 2404 2
168 764 1
5208 958 2
5208 1184 2
5208 3554 2
5208 2832 2
5208 1200 2
5208 8002 1
5208 3178 1
5208 6096 1
5208 2029 1
5208 168 1
5208 3163 1
5208 4548 1
5208 5336 1
5208 4667 1
5208 3561 1
5208 4816 1
5208 4322 1
5208 7561 1
5208 4077 1
5208 8449 1
5208 7968 1
5208 3689 1
5208 6376 1
5208 1706 1
5208 1605 1
5208 7074 1
5208 1189 1
5208 6959 1
5208 1472 1
5208 6206 1
5208 3780 1
5208 5590 1
5208 6864 1
5208 3068 1
5208 8257 1
5208 4420 1
5208 3542 1
5208 1213 1
5208 8160 1
5208 2351 1
5208 7093 1
5208 29 1
5208 5209 1
5208 1778 1
5208 7239 1
5208 5477 1
5208 5741 1
5208 1232 1
5208 8308 1
5208 5307 1
5208 8343 1
5208 2461 1
5208 6148 1
5208 8101 1
5208 4725 1
5208 4432 1
5208 1498 1
5208 655 1
5208 7596 1
5208 1231 1
5208 5565 1
5208 4718 1
5208 6725 1
5208 5490 1
5208 1234 1
5208 939 1
5208 7877 1
2646 3542 1
2646 1997 1
2646 1472 1
2646 939 1
2646 958 1
2646 2637 1
2646 5397 1
2646 8308 1
2646 1249 1
2646 1274 1
2646 1231 1
6219 6025 5
6219 3689 5
6219 7499 2
6219 3542 2
6219 4432 1
6219 6446 1
6219 3953 1
8308 5241 3
8308 3953 3
8308 3689 3
8308 1997 1
8308 3714 1
8308 958 1
8308 5292 1
5370 4122 1
5370 939 1
5370 6444 1
5370 3554 1
5370 414 1
1228 4836 2
1228 505 2
1228 5272 2
1228 4548 2
1228 1472 2
1228 3542 2
2584 6814 2
5336 3689 2
5336 2029 2
5336 3953 2
5336 2231 2
5336 7074 2
5336 7636 1
5336 6446 1
5336 7499 1
5336 5208 1
5336 5565 1
5336 3542 1
5336 5477 1
5336 7994 1
5336 1472 1
5336 2958 1
7118 939 1
3198 6025 9
3198 5180 8
3198 818 8
3198 6446 8
3198 2029 8
3198 2832 8
3198 199 8
3198 6814 8
3198 7662 8
3198 4004 8
3198 3953 8
3198 2730 8
3198 7187 8
3198 2002 8
3198 3497 8
3198 4508 8
6353 193 1
6353 3845 1
6353 3542 1
6353 2351 1
6353 5807 1
6353 6422 1
6353 5566 1
6353 6950 1
6353 245 1
6353 5671 1
4454 1711 1
1184 1899 2
1184 796 2
1184 7905 2
1184 7561 2
1184 3689 2
1184 2112 2
1184 5369 1
1184 764 1
1184 2871 1
1184 2915 1
1184 4667 1
1184 7500 1
5397 939 1
5397 6496 1
5397 6444 1
5397 5477 1
5397 2832 1
5397 5307 1
5397 1231 1
7855 958 1
7855 5565 1
7855 3542 1
7855 2646 1
7855 6045 1
7855 1997 1
7994 2461 1
7994 3178 1
7994 3542 1
7994 5348 1
3831 4836 2
3233 7545 2
3233 4074 2
3233 4220 2
3233 7636 2
3233 5400 2
3233 505 2
3233 3554 1
3233 7093 1
3233 4616 1
8038 3397 5
8038 1308 5
8038 6814 5
8038 2879 5
8038 5209 1
5353 1498 1
5353 5185 1
5353 6908 1
5353 2020 1
5353 4240 1
5353 5307 1
5353 2339 1
5353 1229 1
5353 7910 1
5353 2391 1
5353 6687 1
7087 581 1
7087 2819 1
7087 8087 1
7087 2953 1
7087 939 1
5348 3542 1
5348 2345 1
5348 5807 1
5348 7585 1
5348 7994 1
5348 5353 1
815 4033 1
815 4519 1
815 8386 1
815 173 1
2659 5089 5
2659 5180 5
2659 815 1
2659 7968 1
6732 7325 7
6732 7641 6
6732 4958 6
6732 2556 6
6732 4528 6
6732 199 6
6732 1974 5
6732 7271 5
6732 1813 4
6732 5180 4
6732 7046 4
6732 4752 3
6732 5379 3
6732 3397 3
6792 2182 7
6792 2404 7
6792 7499 5
6792 7641 5
6792 4460 5
6792 3714 5
3780 7694 1
3780 7820 1
3780 7968 1
3780 3505 1
3780 8386 1
3780 815 1
3780 1794 1
3780 1706 1
5107 4074 3
5107 7962 3
5107 7633 3
5107 3714 3
5107 2730 2
5107 3953 2
5107 4077 2
5107 2917 2
5107 764 2
5107 6681 2
5107 5369 2
5107 6037 1
5107 7499 1
5473 7662 4
5473 4628 4
5473 3397 4
5473 6957 4
5473 2043 2
5473 7499 2
5473 2181 2
6225 2540 2
6225 7662 2
6225 7499 2
6225 5473 2
6225 3178 2
6225 200 2
6225 2404 2
6225 4033 2
6225 8436 2
5099 1706 1
8386 815 1
7354 2404 2
7354 3554 2
7354 2879 2
7354 2659 2
7561 2730 2
7561 1184 2
6957 5473 2
6957 5369 2
6957 2043 2
6957 7499 2
7962 3178 1
7962 5012 1
7962 7106 1
7962 4701 1
7962 1687 1
7962 3555 1
7962 3397 1
7962 2351 1
7962 2659 1
7962 426 1
7962 200 1
7962 8160 1
7962 1880 1
7962 967 1
7962 6045 1
7962 5807 1
7962 1274 1
7962 787 1
7962 3017 1
7962 7704 1
7962 8436 1
7962 3829 1
7962 687 1
7962 2953 1
7962 4519 1
7962 5400 1
7962 2694 1
7962 8087 1
7962 939 1
7962 2511 1
7962 3780 1
7962 2649 1
7962 3953 1
7962 989 1
7962 4122 1
4195 6025 5
4195 5089 5
4195 3554 2
4195 6890 2
4195 2404 2
4195 2511 1
2043 6957 2
2043 5473 2
2043 939 1
4528 6159 5
6893 3048 8
6893 4528 8
6893 6159 8
6893 7633 5
6893 7267 5
6893 7271 3
6893 5119 3
6893 1308 3
6893 5685 3
6893 4440 2
6893 7499 2
6893 5379 2
6893 1031 2
6893 4432 2
6893 3554 2
6893 2564 2
6893 7106 1
6893 2958 1
2802 7641 4
2802 4460 4
2802 3542 4
2802 5180 4
2602 5379 10
2602 6025 5
2602 3048 4
2602 7409 4
2602 6159 4
2602 7641 4
2602 6215 4
2602 7327 4
2602 3554 4
8343 5208 3
8343 2948 3
3505 4122 1
3505 2152 1
4008 7500 7
4008 3953 7
4008 5180 7
4008 2487 7
3171 3780 2
3171 4460 1
5092 2351 2
5092 3714 1
8087 939 1
551 3427 2
551 7636 2
551 1901 2
551 4171 2
826 5565 1
826 3780 1
1813 5180 5
1813 2730 4
5628 5223 1
5628 2694 1
5628 7991 1
5628 7799 1
5628 5038 1
5628 7499 1
5628 5400 1
5628 4171 1
5628 295 1
397 6159 4
397 4752 4
397 7271 4
5400 6159 6
5400 3233 2
5400 939 1
5400 536 1
5400 3184 1
5400 4317 1
5400 7962 1
5764 7271 7
5764 6159 6
3048 4624 9
3048 5379 8
3048 4238 7
3048 2556 7
3048 5180 6
3048 6786 5
3048 7271 4
3048 2602 4
3048 3554 4
3048 7641 4
3048 6159 4
3074 7271 4
3074 6159 4
3074 7641 4
7409 5180 6
7409 6229 4
7409 6159 4
7409 2602 4
7409 7641 4
7409 2730 4
7409 7271 4
7409 4460 3
7409 4534 3
7409 7636 3
7409 6206 3
7409 5036 3
7409 4124 3
7409 2879 3
7409 1901 3
7409 3554 3
238 8097 6
238 2556 6
238 7890 6
238 199 6
238 397 6
238 6159 6
238 6732 6
4534 7409 3
4534 7009 3
4534 3554 3
7327 3554 4
7327 2602 4
7327 7271 4
4238 4460 9
4238 3048 7
4238 8061 7
7545 4074 2
7545 6237 2
426 4432 1
426 7524 1
426 4033 1
426 815 1
426 3554 1
5743 5528 1
5743 7609 1
357 3185 2
357 4171 2
20 1638 2
20 4628 2
20 426 1
4705 7561 1
2413 2413 4
2413 1638 3
2413 2730 3
2413 3554 3
7941 815 2
7941 2730 2
4220 7028 2
4220 6786 2
4220 3397 2
4220 3233 2
4220 3554 1
2193 969 7
2193 7271 6
800 6784 2
800 8393 1
800 2895 1
800 3545 1
800 7388 1
800 5741 1
800 5284 1
6341 3033 1
6341 3545 1
6341 6814 1
6341 7867 1
7230 6456 1
4147 5477 1
7267 2871 5
7267 7271 5
7267 7110 5
2266 7271 4
8018 789 1
5031 7271 3
5038 5628 1
5038 6355 1
5038 3780 1
5038 7216 1
5038 737 1
2983 4594 6
2983 5733 6
8119 1498 1
1949 7968 1
1949 3017 1
1949 5400 1
1949 7524 1
1949 3178 1
1949 5645 1
1949 1213 1
1949 7392 1
1949 7028 1
1949 6496 1
1949 1880 1
1949 7118 1
1949 5517 1
1949 6787 1
1949 6939 1
1949 939 1
1949 4426 1
1949 6866 1
1949 4118 1
1949 4306 1
1949 5861 1
3545 2461 1
3545 4548 1
3545 3178 1
3545 958 1
3545 3714 1
3545 5685 1
3545 3397 1
5036 3427 3
5036 6161 1
5036 3953 1
3913 3829 2
3913 29 1
7290 5272 2
7290 1184 1
3954 331 1
6422 2832 1
6422 2953 1
6422 6353 1
6422 6787 1
6422 958 1
6422 3881 1
2838 2404 2
2838 2351 1
2838 3397 1
2838 2461 1
897 4432 1
897 1213 1
897 5834 1
897 7499 1
897 764 1
897 1997 1
897 3987 1
897 2761 1
897 687 1
6784 8263 1
6784 5012 1
6784 4443 1
6784 655 1
6784 2351 1
6784 1200 1
6784 5741 1
6784 2958 1
62 939 1
62 1498 1
62 5725 1
62 7499 1
62 1880 1
62 4171 1
62 2517 1
5223 939 1
5223 1880 1
5223 4725 1
5223 6787 1
5223 3953 1
7514 3178 1
7514 2646 1
7514 7796 1
7514 5416 1
2079 764 2
2079 7704 1
2079 2531 1
5807 6890 2
5807 6096 1
5807 5517 1
5807 6496 1
5807 1249 1
5807 2029 1
814 4033 1
814 4195 1
7737 2948 1
1008 6772 5
4755 5012 1
4755 1498 1
4755 4118 1
131 3714 1
131 2889 1
131 1231 1
505 4548 3
505 7884 3
505 3689 3
505 4124 2
505 7662 2
505 3233 2
505 1228 2
2760 2879 2
2760 1200 1
3423 4460 4
3423 537 4
7900 7561 1
7900 764 1
7900 2925 1
3595 764 1
1997 8204 1
1997 3714 1
1997 8308 1
1135 6206 2
1135 2637 2
1135 1200 1
1135 7522 1
1941 3542 2
1941 3689 2
1941 5590 2
1941 4816 1
7149 3178 1
7149 4033 1
7149 939 1
6010 5685 2
1833 7694 1
6519 3178 1
6519 1498 1
4241 7118 1
5072 380 1
5072 5908 1
5072 7192 1
4836 7500 4
4836 3953 4
4836 1228 2
4836 3542 2
4836 3831 2
4836 5220 2
2281 2029 1
2281 1213 1
2281 2351 1
2281 5072 1
2281 4519 1
2281 7757 1
2281 6206 1
2281 391 1
4664 7799 1
4664 6446 1
4664 5209 1
4664 6537 1
4664 1472 1
4664 6219 1
7074 5565 1
7074 7561 1
7074 5336 1
3380 939 1
3380 3714 1
3380 7598 1
3380 655 1
6790 4875 1
6790 276 1
6790 2342 1
6546 958 1
6546 7306 1
6546 6206 1
6546 6444 1
6546 7985 1
5319 1472 2
6959 5565 1
6959 7888 1
6959 3545 1
6959 5610 1
6959 6546 1
6959 4122 1
6959 6206 1
6959 764 1
6959 6304 1
6959 1880 1
6959 5208 1
6959 4725 1
6959 6045 1
6959 2925 1
6959 5369 1
6959 1706 1
6959 7694 1
687 1848 4
6062 687 2
6062 4033 1
6062 7524 1
6062 7694 1
6062 3178 1
6062 6037 1
6062 4432 1
7694 815 1
7694 687 1
3256 687 4
3728 7499 4
3728 3953 4
3728 6685 4
3728 7500 4
3728 8404 4
3728 5241 4
3728 5293 4
3728 3689 4
3728 559 4
3728 7884 4
3728 7009 4
3728 893 4
4402 7402 1
7093 6318 1
7093 4938 1
7093 6206 1
4322 3542 1
4322 7636 1
4322 5208 1
4322 6959 1
4322 5590 1
901 2730 1
901 7688 1
901 57 1
901 1755 1
901 5301 1
5569 3542 1
8021 4033 1
8021 4432 1
8021 6062 1
4900 4077 1
4900 4122 1
4900 939 1
4900 2953 1
4900 7524 1
4900 5209 1
4900 7704 1
4900 5517 1
4900 6537 1
4900 4171 1
4900 6148 1
4900 5307 1
7257 7704 1
7257 7491 1
1193 5685 2
1193 3555 1
1193 7196 1
1193 414 1
7379 5369 2
7379 6096 2
5645 4938 1
5645 3829 1
5645 200 1
5645 789 1
5645 5823 1
1185 2491 3
1185 1901 3
1185 1185 2
1185 5201 2
1185 7354 2
1185 2404 2
7028 7028 2
7028 5398 2
7028 4220 2
7028 57 2
7028 200 2
7028 4077 1
7028 8038 1
7028 3555 1
7028 6444 1
7028 4443 1
7028 1880 1
7028 4122 1
7028 754 1
7028 4931 1
7028 5590 1
7028 5036 1
6033 5400 2
6033 3297 2
8288 4077 1
8288 3033 1
8288 5012 1
8288 6546 1
5999 3178 3
5999 1638 3
5999 2879 3
2415 2351 1
2991 6269 6
3580 7196 1
3580 5680 1
3580 581 1
3580 737 1
7167 1598 1
7167 3324 1
7167 5118 1
7167 7257 1
6939 7110 5
6939 2879 3
6939 7522 1
6939 581 1
6939 5861 1
581 939 1
5091 7704 1
5091 3059 1
5091 6725 1
5091 2986 1
7652 5209 1
7652 3164 1
7652 2838 1
7652 7491 1
6304 3178 1
6304 4122 1
6304 6482 1
6304 6230 1
6304 5964 1
6304 6959 1
6304 1997 1
6304 787 1
6304 7167 1
6304 5999 1
7860 3178 1
7860 1880 1
7860 7959 1
7860 7129 1
7860 5939 1
3286 6446 1
3286 1880 1
3286 967 1
3286 6045 1
705 5293 6
705 6685 4
705 6096 4
705 7884 4
4122 4077 1
4122 1169 1
4122 4033 1
4122 823 1
4122 3780 1
4122 5292 1
4122 151 1
4122 7174 1
4122 295 1
4122 5227 1
4122 3184 1
4122 4900 1
4122 5370 1
4122 200 1
4122 1231 1
2637 5789 2
2637 7244 2
2637 1474 1
2637 4122 1
2637 4033 1
2637 2958 1
5861 7028 1
6180 2879 3
6180 7884 3
6144 2871 7
5398 7500 4
5398 7499 4
5398 6685 4
5398 4440 1
5398 2871 1
5398 2730 1
2189 3178 1
4426 7884 3
6950 2958 1
6950 2181 1
6950 3845 1
6950 7799 1
6950 3542 1
6950 7636 1
6950 6045 1
6950 1232 1
696 3178 1
696 939 1
696 4432 1
696 1213 1
696 7028 1
696 1183 1
696 5999 1
696 581 1
2505 4726 2
2505 5369 2
2505 5024 2
4399 5523 1
4399 1949 1
4399 168 1
4399 6787 1
1031 1695 2
1031 4623 2
1031 6967 2
2122 4623 3
151 4122 1
151 6686 1
151 57 1
151 7106 1
151 295 1
237 7140 6
237 7884 6
237 4460 5
237 5180 5
237 7110 5
1929 410 1
6618 3397 2
6618 587 1
6618 2879 1
3931 6444 1
6171 6136 4
6171 6096 4
6171 7191 4
6171 6210 4
6171 2029 4
6171 2879 4
6171 3178 4
6171 7009 4
6171 7409 4
6171 5293 4
6171 6296 4
6171 7633 4
6171 3714 4
6211 5180 9
7719 3178 5
7719 4171 2
7719 29 2
7719 4394 2
7719 6967 2
7719 5592 2
4394 4460 3
4394 8404 3
4394 4033 3
4394 3689 3
4394 3714 3
4394 1706 3
4394 7500 3
4394 2879 3
4394 6967 2
4394 7799 2
1807 8404 4
1807 7799 3
711 4033 2
711 7799 2
711 6967 2
823 4033 1
823 4122 1
823 295 1
823 1706 1
893 5422 4
893 969 4
893 7662 4
893 4004 4
893 3397 4
893 3728 4
893 7009 3
893 4548 3
893 2730 3
893 5241 3
893 5293 3
893 4460 3
893 3953 3
893 559 3
893 1807 3
893 3689 3
893 6959 3
6179 4432 1
6179 1949 1
1695 4638 2
2645 6446 8
2645 2879 8
2645 2694 8
2645 7683 8
2645 4827 8
2645 1230 8
2645 5565 8
2645 818 8
2645 2182 8
2645 2832 8
2645 3845 8
2645 2002 8
2645 2029 8
2645 753 8
2645 6296 8
2645 3198 8
2645 7878 8
2645 8422 8
2645 7187 8
2645 7641 8
2645 3689 8
2645 3497 8
2645 6480 8
2645 7890 8
2645 8010 8
2645 1200 5
2645 1638 5
2645 7884 5
2645 7009 5
2645 3397 5
2645 4616 5
2645 2442 5
2645 6025 5
2645 5089 5
2645 5293 5
2645 3714 5
2645 6206 5
2645 4460 5
2645 6685 5
2645 7500 5
2645 3178 1
2645 3953 1
2645 6219 1
2645 5442 1
2019 939 1
2019 4468 1
2019 7985 1
2019 4345 1
2019 7023 1
1183 939 1
1183 5680 1
737 5038 1
737 3580 1
1884 939 1
1884 2537 1
8453 3178 1
8453 939 1
8453 635 1
8453 726 1
8453 581 1
3419 3178 1
3419 939 1
8155 3178 1
726 3178 1
5039 939 1
5039 3006 1
1144 3178 1
6654 224 1
6654 6908 1
6654 7443 1
7570 6787 1
3046 3178 1
3046 1880 1
3046 2838 1
4306 7230 1
4306 989 1
7729 3178 1
7729 3017 1
7196 2537 1
7196 7888 1
7196 3068 1
7196 1193 1
7196 3580 1
7196 8337 1
7196 5836 1
2438 1880 1
3630 3178 1
3630 939 1
3630 5645 1
3630 331 1
3630 1598 1
3630 3580 1
3630 4200 1
3630 635 1
3630 581 1
3630 789 1
7491 2132 1
405 6890 1
3338 7402 1
2841 4118 1
5366 2694 1
5366 8337 1
5366 5836 1
3324 6296 4
4754 3178 1
4754 939 1
4754 4432 1
4754 1949 1
4754 1015 1
4754 4574 1
4754 6778 1
4754 6787 1
4754 7278 1
4754 5036 1
4754 8442 1
4754 5697 1
4754 6179 1
4754 989 1
4754 8018 1
4637 3178 1
4637 5645 1
4637 3017 1
4637 5162 1
4637 1029 1
4637 7122 1
5671 4725 1
5671 6784 1
5671 6353 1
7312 939 1
7312 1880 1
7312 5093 1
7443 939 1
7443 224 1
7443 6654 1
1598 1474 1
1598 7402 1
1598 6884 1
1598 7873 1
1598 7258 1
1598 3630 1
1598 7167 1
1598 4402 1
1598 3178 1
1598 6389 1
7096 3178 1
7096 4200 1
516 2879 2
516 7499 2
516 4432 1
516 6537 1
6876 3178 1
6904 939 1
6904 3178 1
6904 4432 1
4556 1213 1
4556 6148 1
4751 7106 1
4751 5908 1
4105 818 5
4105 3164 2
4105 939 2
4105 7499 1
4105 635 1
4105 3555 1
7547 5532 1
6507 5645 1
6507 5012 1
6507 7757 1
468 6496 1
6256 3618 1
3963 939 1
3963 1706 1
7392 8416 2
7392 7386 2
7392 4622 2
7392 1949 1
7392 1472 1
3094 1880 1
3658 5036 2
3658 2626 1
3658 4984 1
3658 1231 1
3658 7312 1
5511 939 1
5725 655 1
5725 3017 1
5725 6884 1
5725 1498 1
5725 1598 1
5725 6389 1
5725 4200 1
5725 1069 1
5725 2832 1
5680 1183 1
5680 3580 1
5532 7799 1
5532 4757 1
5532 7547 1
5532 4200 1
7724 5823 1
7724 939 1
7724 6037 1
6543 3805 1
108 939 1
108 787 1
2657 4200 1
7400 1183 1
5162 3178 1
5162 4637 1
5908 4751 1
918 7306 4
918 2879 4
918 7884 2
918 7985 2
918 2181 2
918 1086 1
918 5209 1
4197 7873 1
4197 410 1
4197 4306 1
8442 2532 1
8442 7959 1
8442 1183 1
8442 4754 1
8442 4200 1
3618 6787 1
3464 1880 1
4592 939 1
4203 440 1
3164 3185 1
3164 8393 1
3164 2694 1
3164 4105 1
7568 4105 1
7568 7258 1
8122 5473 1
8122 6537 1
8122 6148 1
8122 6037 1
8122 7598 1
4686 5397 1
4686 440 1
4686 4203 1
4686 1509 1
989 939 1
989 4432 1
989 4754 1
989 7491 1
7598 3178 1
7598 4519 1
7598 4827 1
7598 5209 1
7598 3987 1
7598 1231 1
7598 7596 1
7609 5743 1
857 6062 1
857 2832 1
2098 2537 1
2098 5118 1
2098 6519 1
5118 7877 1
5118 7704 1
5023 2958 1
5023 4033 1
5023 939 1
5023 4399 1
5023 7704 1
5023 8436 1
5023 5517 1
5023 2659 1
5023 1706 1
5023 3829 1
2714 7837 1
2880 3178 1
4984 3658 1
4984 8204 1
4984 5477 1
2517 7614 1
2517 62 1
1086 918 1
1086 5908 1
1086 4831 1
1738 1880 1
1738 1183 1
5506 3184 1
6394 2132 1
1828 6054 2
7306 3178 1
7306 939 1
7306 7799 1
7306 3107 1
7306 6546 1
5836 7196 1
5836 5366 1
7966 6496 1
496 939 1
496 5645 1
7851 4345 1
7851 2953 1
7851 7272 1
2116 1308 1
2116 5834 1
2116 815 1
2668 1200 1
3006 5039 1
1115 2948 1
1115 3829 1
2132 823 1
2132 4195 1
2132 7491 1
2132 6394 1
6681 5107 2
5692 1474 1
5692 5012 1
5692 7106 1
5692 2351 1
5692 5714 1
5692 380 1
5692 5400 1
5692 7707 1
5692 6355 1
5692 8018 1
5692 8160 1
2694 3845 1
2694 5565 1
2694 3542 1
2694 6446 1
2694 57 1
2694 5209 1
2694 8204 1
2694 3164 1
2694 3953 1
2694 1200 1
2694 6909 1
2694 4362 1
2694 5939 1
2694 5307 1
2694 557 1
2694 2832 1
601 2659 1
8272 5565 1
8272 3068 1
8272 6537 1
6537 516 1
6537 4122 1
6537 939 1
6537 3542 1
6537 2646 1
6537 5397 1
6537 4827 1
6537 6496 1
6537 8204 1
6537 8122 1
6537 1997 1
6537 6957 1
6537 8272 1
6537 426 1
6537 410 1
6537 1231 1
6537 6219 1
6537 7704 1
6537 3845 1
6537 5223 1
6537 3829 1
6537 4900 1
7278 7278 5
7278 4754 1
7278 5397 1
7278 1231 1
7278 5307 1
7278 2889 1
7278 2941 1
7278 5039 1
7278 3364 1
367 2461 1
367 168 1
367 1997 1
2250 6909 1
2250 4147 1
4742 4033 1
6045 5565 1
6045 7106 1
6045 6444 1
6045 414 1
6045 3714 1
6045 7855 1
6045 6219 1
4682 2461 1
4682 5220 1
4682 958 1
4682 2926 1
4682 7888 1
4682 2345 1
4682 5209 1
4682 1231 1
4682 2832 1
6594 4833 1
6594 6446 1
6594 4725 1
6594 3542 1
5714 5692 1
5566 7585 1
5636 3953 1
5636 3281 1
5636 1231 1
4643 823 1
4643 7799 1
7270 7272 1
7270 3780 1
3861 3845 1
3861 1213 1
3861 3017 1
3861 3612 1
3861 8377 1
3861 7689 1
3861 5760 1
3861 3530 1
4054 958 1
4054 5565 1
4054 5369 1
4054 3542 1
4054 2646 1
4054 4833 1
4054 2351 1
4054 7093 1
4054 764 1
4054 7985 1
4054 4725 1
4054 4345 1
4054 6935 1
4054 3611 1
4054 5036 1
4054 6814 1
4054 6654 1
4054 2832 1
5237 939 1
5237 3157 1
5237 7689 1
5237 7149 1
5760 3612 1
5760 8377 1
5760 3861 1
5760 3530 1
7689 3612 1
7689 8377 1
7689 3845 1
7689 3861 1
7689 3530 1
5964 823 1
5468 5220 1
5468 5369 1
5468 1308 1
5468 1182 1
5468 3561 1
5468 8308 1
5468 8344 1
5468 5590 1
5468 1472 1
5468 8437 1
7221 3970 1
7221 6594 1
120 5292 1
2742 7900 1
7610 2694 1
7610 6684 1
7610 5587 1
1294 4725 1
1294 7585 1
1294 3972 1
4362 7799 1
4362 4432 1
4362 331 1
4362 6148 1
4362 7258 1
4362 7598 1
5094 4432 1
5094 1213 1
5094 5645 1
5094 331 1
5094 3120 1
5094 200 1
5094 4197 1
5094 3452 1
5094 1069 1
5094 789 1
5094 8453 1
5094 3205 1
5094 635 1
5094 2371 1
5094 989 1
5094 1498 1
5094 1598 1
5094 5093 1
5094 3630 1
5094 4200 1
5094 581 1
5094 2391 1
7910 4240 1
7910 2339 1
7910 1229 1
7910 547 1
2782 3542 2
2782 8472 1
2782 7129 1
2312 6353 1
2312 5397 1
2312 245 1
2312 5307 1
2312 2694 1
2312 5566 1
2312 2904 1
2312 7596 1
2312 4725 1
2312 7278 1
2312 1231 1
2312 2889 1
1778 6786 1
1778 764 1
1778 8160 1
1778 5208 1
7688 2880 1
4248 7959 1
4248 6140 1
8467 3178 1
8467 4519 1
8467 3714 1
5227 4122 1
7300 5141 1
740 939 1
740 7959 1
740 1598 1
740 1937 1
740 1069 1
4622 8430 1
4622 687 1
4584 5278 1
2724 1498 1
2724 7524 1
2724 148 1
2724 2948 1
2724 3059 1
2724 2375 1
2724 4197 1
4313 200 1
4313 4962 1
4313 5307 1
4313 4686 1
7836 6877 1
7836 6189 1
7836 3091 1
7836 1888 1
7836 3184 1
7836 6318 1
7836 7614 1
8140 4725 1
3262 7294 1
8482 2238 2
4159 4101 1
4159 2663 1
4159 3178 1
4648 1598 1
7864 3542 1
7864 7106 1
7864 4827 1
7864 6446 1
7864 1864 1
7864 6884 1
7864 6148 1
7864 4200 1
7864 8122 1
6246 5397 1
6246 2312 1
6246 1231 1
6246 6219 1
6246 4831 1
6246 1762 1
557 2895 1
557 1880 1
557 4725 1
557 2694 1
557 2353 1
557 3178 1
557 6148 1
6821 3164 1
6821 3397 1
6821 7087 1
655 2461 1
655 4519 1
655 7757 1
655 5442 1
655 5208 1
655 6784 1
655 3953 1
655 5566 1
655 5939 1
655 1069 1
655 4118 1
655 2832 1
61 2461 1
61 958 1
61 3542 1
61 2646 1
7272 7851 1
7272 3542 1
7272 3545 1
7272 6206 1
7272 2838 1
7272 6959 1
7272 1472 1
7272 6189 1
7272 3829 1
1755 380 1
1755 8087 1
1755 901 1
1755 4622 1
3611 5209 1
3611 3178 1
3611 1498 1
3611 2351 1
3611 6446 1
3611 5442 1
3611 8204 1
3611 5352 1
3611 3987 1
3611 405 1
6899 3542 1
4283 4460 4
4283 7633 4
4283 7807 1
4283 7807 1
4283 6219 1
4283 6219 1
377 7888 1
377 2953 1
377 8204 1
5185 7136 1
5185 2020 1
5185 4240 1
5185 2339 1
5185 7910 1
224 3178 1
224 2470 1
224 7443 1
224 6654 1
224 2832 1
4833 3542 1
4833 4322 1
4833 4101 1
4833 5477 1
4833 1200 1
4833 6288 1
4833 2019 1
2889 6353 1
2889 5566 1
2889 2312 1
2889 245 1
2889 2904 1
7757 5209 1
172 2730 1
172 7524 1
172 1474 1
172 5807 1
172 3829 1
4812 6496 1
4812 2152 1
1762 1472 2
1762 3542 2
1762 958 1
1762 5563 1
1762 6330 1
1762 6908 1
1154 4477 1
1154 6810 1
2339 1498 1
2339 5185 1
2339 6330 1
2339 5353 1
2339 6908 1
2339 2020 1
2339 5307 1
2339 1229 1
2339 7910 1
2339 2391 1
7585 2926 1
7585 8204 1
7585 4725 1
7585 1997 1
7585 3953 1
7585 5566 1
7585 1294 1
7585 655 1
2941 5566 1
5610 7636 1
5610 4827 1
5610 6444 1
5610 764 1
5610 2915 1
5610 1182 1
5610 2832 1
4816 5565 1
4816 3542 1
4816 8257 1
4816 1941 1
4816 3689 1
5708 764 1
5708 3714 1
5352 7959 1
5352 3611 1
5352 5535 1
5352 3881 1
7007 4833 1
7007 4322 1
1274 6967 1
1274 4122 1
1274 939 1
1274 754 1
1274 2694 1
1274 2646 1
1274 1498 1
1274 2953 1
1274 5307 1
1189 7561 1
1189 7499 1
1189 2404 1
2944 7106 1
2944 7561 1
2944 1308 1
2944 6456 1
2944 4033 1
2944 7499 1
2944 764 1
2944 3714 1
1794 3780 1
5683 2659 1
173 8386 1
173 815 1
173 6037 1
4653 4033 1
4653 939 1
4653 764 1
4653 1595 1
4653 4375 1
4653 3714 1
4653 200 1
4653 8471 1
4653 3397 1
4653 4200 1
4345 8010 1
4345 3845 1
4345 3033 1
4345 7890 1
4345 5369 1
4345 6886 1
4345 3545 1
4345 1415 1
4345 7093 1
4345 6461 1
4345 7851 1
4345 2925 1
4345 969 1
4345 2959 1
4345 6695 1
4345 6814 1
4345 4054 1
4345 2019 1
3163 3712 1
3163 5208 1
3163 3561 1
8377 3845 1
8377 4725 1
8377 3612 1
8377 7689 1
8377 3861 1
8377 5760 1
8377 3530 1
5741 7545 2
5741 5369 1
5741 3545 1
5741 7388 1
5741 5208 1
5741 6784 1
5741 3554 1
5741 5834 1
5741 800 1
5741 5284 1
5741 5220 1
661 4122 1
661 7704 1
661 1687 1
447 939 1
1687 2948 1
1687 6444 1
1687 7230 1
3452 6444 1
3452 4200 1
3452 5094 1
1092 2730 4
1092 7662 4
1092 2879 3
1092 6159 3
1092 815 1
1092 168 1
1092 4440 1
2532 1880 2
2532 2029 2
2532 3689 2
2532 7636 2
2532 357 2
2532 7857 2
2532 3831 2
2532 1274 2
2532 958 1
2532 5072 1
2532 6546 1
2532 57 1
2532 3178 1
2532 8436 1
2532 6237 1
2532 5565 1
2532 2646 1
2532 1213 1
2532 6055 1
2532 7888 1
2532 8101 1
1509 8198 1
1509 440 1
1509 4203 1
1509 4686 1
1881 635 1
1881 5999 1
3978 2958 1
5939 4725 1
5939 2832 1
6671 1880 1
4939 2116 1
4939 587 1
3276 4197 1
1332 3545 1
1332 2351 1
7192 380 1
7192 2659 1
3333 939 1
3333 3849 1
2986 5091 1
4668 7757 1
4668 4725 1
6043 6893 2
6043 4444 1
6278 2564 1
6278 3146 1
6278 7093 1
6278 29 1
6717 7106 1
6717 2509 1
6717 2838 1
6717 1687 1
6717 655 1
7258 939 1
7258 7966 1
7258 6389 1
7258 4362 1
7258 1598 1
7258 7568 1
7258 3935 1
7258 7598 1
7258 1231 1
7258 1183 1
3059 5091 1
3059 6115 1
3180 815 1
3180 1069 1
4725 3993 1
4725 61 1
4725 8160 1
4725 764 1
4725 6444 1
4725 358 1
4725 6206 1
4725 7524 1
4725 3712 1
4725 5884 1
4725 4296 1
4725 3017 1
4725 5989 1
4725 3840 1
4725 7636 1
4725 1880 1
4725 5208 1
4725 8140 1
4725 3542 1
4725 5807 1
4725 5369 1
4725 1864 1
4725 8122 1
4725 6959 1
4725 115 1
4725 4375 1
4725 6446 1
4725 4362 1
4725 4668 1
4725 4105 1
4725 6219 1
4725 6594 1
4725 4402 1
4725 3972 1
4725 7402 1
4725 4755 1
4725 5671 1
1181 8122 2
1181 6206 1
1181 1595 1
1181 5012 1
1181 4077 1
7596 3178 1
7596 939 1
7596 7598 1
7596 2312 1
4894 2879 2
4894 815 1
4894 842 1
5490 3178 1
5490 939 1
5490 5369 1
5490 4519 1
5490 6444 1
5490 5442 1
5490 5208 1
5490 7985 1
5490 2925 1
5490 7585 1
5490 7991 1
5490 5478 1
3359 3542 1
3359 4432 1
7180 3185 1
7180 5477 1
7180 6909 1
7180 440 1
7180 1677 1
7180 4203 1
4718 958 1
4718 7585 1
4718 4988 1
4718 5939 1
4718 7596 1
4718 1294 1
4718 5022 1
4718 1563 1
3561 7884 2
3561 635 2
3561 3712 1
3561 5208 1
3561 5369 1
3561 3335 1
3561 7244 1
3561 3163 1
3561 5468 1
993 1638 3
993 5413 3
3958 4440 2
3958 4628 2
7016 4628 4
7016 2958 1
503 3953 2
503 2925 1
8472 3714 3
8472 2782 1
3739 4432 2
3739 3046 1
3173 5685 2
3173 3987 2
3173 1901 2
5535 5352 1
5535 3881 1
5544 5544 2
5544 7028 2
5544 1880 2
5544 3397 2
5544 7016 2
5544 2433 2
6250 6025 5
5287 2879 2
5963 7321 3
2656 4101 1
2656 2948 1
6915 7290 2
2480 1189 1
2629 6037 1
3586 8422 2
3586 939 1
6687 4240 1
6687 5307 1
6687 1498 1
6687 2391 1
6687 5353 1
6687 939 1
2761 2879 3
2761 6814 1
2761 897 1
6663 3303 2
6663 2879 2
3587 4827 2
1789 1472 2
1451 3845 3
1451 1899 2
1451 7799 2
1451 4519 2
3185 1605 1
3185 3164 1
3185 7180 1
3146 5369 1
3146 5307 1
5115 1472 1
6311 5012 1
6311 5223 1
114 8129 2
114 2958 2
114 3542 2
114 8436 2
1174 8122 2
130 6159 4
130 2879 2
130 7244 2
130 2730 2
130 2404 2
130 7968 2
1237 2491 2
1237 7454 2
7136 1498 1
7136 5209 1
7136 5185 1
7136 7692 1
5666 3017 2
7601 4399 1
4347 7799 1
7239 5208 1
7239 6382 1
7239 2958 1
8337 958 1
8337 7196 1
8337 2694 1
8337 1687 1
8337 8467 1
6230 6304 1
4655 6088 4
4655 6685 4
4655 2029 4
4655 6814 4
4655 2879 4
4655 3953 4
4655 7009 4
4655 7636 2
4655 3714 2
2426 2426 6
4744 7662 4
4744 3714 4
4210 4362 1
7891 7196 1
6215 319 4
6215 536 4
6215 3427 4
6215 6296 4
6215 5201 4
6215 8010 4
6215 7890 4
6215 8404 4
6215 1880 4
6215 2871 4
6215 2602 4
6215 2879 4
6215 4460 4
6215 7662 4
6215 4443 4
6215 1384 4
6215 3845 4
6215 3397 4
6215 4491 4
6215 6685 4
6215 1073 4
6215 2895 4
6215 6814 4
6215 3714 4
6215 6027 3
6215 659 3
6215 1184 3
6215 5293 3
6215 7009 3
8084 7009 3
8084 7636 3
8084 7884 3
490 8436 1
490 2832 1
1787 2351 3
1787 7561 1
1787 5743 1
3637 5072 1
817 5180 5
817 3044 4
2737 1848 4
2737 6210 4
2737 4093 4
5022 5338 1
5022 4718 1
5022 4432 1
5022 5566 1
5022 1294 1
5022 4725 1
272 2351 1
2775 818 2
2775 6864 2
2775 3185 1
319 5241 4
319 7191 4
319 7890 4
319 7662 4
319 6215 4
319 7046 4
319 7009 4
319 4548 4
319 688 4
319 6296 4
319 3953 4
135 2879 2
135 3953 2
135 2540 2
5018 3889 4
5064 6229 5
5064 6159 4
7052 7641 11
7052 1308 9
7052 7271 4
7606 7110 5
8357 8155 1
8434 8424 6
8434 8410 6
8434 818 6
8434 4195 5
4982 7009 5
4982 6814 5
4982 5241 5
6772 6089 6
6772 8010 6
6772 7191 5
6772 3689 5
6772 5683 5
6590 7641 5
6590 3554 5
6590 6786 5
5354 5241 8
5354 2029 7
5354 7187 7
7809 2879 8
2035 6685 6
2035 5293 6
2035 7500 6
6874 7271 6
6874 6025 6
6874 6159 6
4158 8061 8
4158 7271 6
1367 3397 7
1367 2002 7
6089 6480 7
6089 2377 7
6089 705 7
6089 7878 7
6089 6296 7
6089 6269 7
6089 7009 7
6089 3178 7
6089 2730 7
6089 2002 7
6089 4008 6
6089 7636 6
6089 3953 6
6089 6864 6
6089 7435 6
6089 7884 6
6089 1848 6
6089 6890 6
6089 6025 6
6089 3845 6
6089 7500 6
6089 5293 6
6089 818 6
6089 2879 6
6089 8097 6
6089 6772 6
3800 818 7
3800 1230 7
3905 3281 1
6789 7662 8
5424 3397 10
5424 1974 9
5424 7499 9
5424 2730 8
2391 1498 1
2391 5185 1
2391 2948 1
2391 2020 1
2391 4240 1
2391 2339 1
2391 1229 1
8117 7959 1
2033 764 9
2033 5180 9
2033 4093 9
3972 4725 1
4624 7641 11
4624 3048 9
4624 6159 9
4624 7271 9
4323 6159 9
4323 7271 9
3816 7641 11
2611 199 11
2611 1308 11
2611 6864 11
2611 7878 11
2611 7641 11
8393 7093 1
8393 7704 1
2663 405 1
2152 3505 1
5562 2029 2
5562 1472 1
7158 3178 1
7158 4122 1
7158 7106 1
7158 2351 1
7158 5072 1
7158 380 1
7158 2944 1
7158 7704 1
7158 661 1
7158 295 1
7158 8101 1
1605 3185 1
1605 5633 1
1605 6206 1
1605 3780 1
1446 7724 1
6725 3178 1
6725 5036 1
6725 410 1
6725 4718 1
6725 5208 1
6725 978 1
6725 5587 1
6376 2540 2
6376 4548 2
6376 5336 2
6376 516 2
6376 7499 2
6376 2940 2
6376 1899 2
6376 1451 2
6376 2377 2
6376 5477 2
6376 5272 2
6376 422 2
6376 1472 2
6376 2250 2
6376 5610 2
6376 1135 2
6376 3542 2
6376 4281 2
6376 4754 2
6376 7093 1
6376 6787 1
6376 3953 1
6376 4519 1
6376 3359 1
6376 764 1
6376 5964 1
6376 5468 1
6376 7023 1
6376 4701 1
6376 1706 1
6376 5208 1
7450 7959 1
7959 8117 1
7959 7450 1
7959 4248 1
7959 3663 1
7959 7860 1
7959 8442 1
2618 1213 1
2618 1498 1
2618 5725 1
2618 8436 1
2618 7596 1
2618 1294 1
2618 5023 1
2051 7272 1
3335 3542 1
3335 6546 1
3335 3561 1
3335 7022 1
7873 4197 1
4114 8038 1
4114 4827 1
4962 3178 1
4962 939 1
4962 4432 1
4962 5645 1
4962 1183 1
5979 939 1
3935 581 1
3935 200 1
3935 6148 1
3935 7959 1
3935 726 1
3935 635 1
3935 2953 1
3935 1498 1
3935 1598 1
3935 4432 1
3935 4105 1
3935 7258 1
3935 939 1
3935 7524 1
3935 3630 1
3935 5725 1
3935 5022 1
3935 4402 1
3935 2339 1
3935 5645 1
3935 4725 1
3935 7402 1
3935 7257 1
3935 989 1
1232 2351 1
1232 764 1
1937 740 1
1937 1498 1
1937 148 1
1937 5185 1
1937 4596 1
1937 2339 1
1937 1229 1
1937 447 1
2285 939 1
2285 3306 1
2285 4200 1
4101 5220 1
4101 2537 1
4101 3714 1
4101 4159 1
4101 2656 1
4101 1183 1
4101 7400 1
2987 2895 1
2987 800 1
8507 8393 1
8507 4725 1
8220 4077 1
8220 3178 1
8220 5012 1
8220 4519 1
8220 6444 1
8220 655 1
3840 5209 1
3840 4725 1
3840 1472 1
771 4033 1
771 4122 1
771 939 1
771 3542 1
771 7757 1
771 8087 1
771 5036 1
6461 4345 1
6461 8160 1
4468 2019 1
1272 3178 1
1272 7585 1
5284 800 1
5284 5741 1
8437 7244 1
8437 5468 1
7065 4519 1
7065 200 1
2853 1213 1
2853 8467 1
2853 6389 1
2853 939 1
2853 561 1
4596 1937 1
6013 939 1
6013 5645 1
6013 4444 1
6013 4362 1
6013 1234 1
7054 6045 1
7054 1073 1
5528 7046 3
5528 5743 1
5528 7609 1
1886 939 1
1886 5278 1
3528 5477 1
5127 5477 1
7829 1093 1
7829 5566 1
7829 1231 1
7829 5307 1
7829 4063 1
193 3953 1
193 823 1
7801 547 1
1711 4454 1
1169 5963 2
1169 4122 1
8108 3185 1
8108 2775 1
8108 6350 1
5278 4584 1
1234 2115 1
1234 4171 1
1234 5208 1
1234 7499 1
1234 3157 1
1234 4444 1
1234 3714 1
1234 2724 1
1234 3306 1
1234 1598 1
1234 5645 1
1234 8442 1
1234 5023 1
341 2895 1
341 5209 1
3612 3845 1
3612 8377 1
3612 7689 1
3612 3861 1
3612 5760 1
3612 3530 1
2345 6045 1
2831 4077 1
2831 7774 1
2831 2953 1
1915 1880 1
6424 939 1
6424 4197 1
6424 581 1
4895 3714 1
6684 1213 1
6684 1498 1
6684 6725 1
6684 7610 1
6684 5587 1
1178 958 1
1178 2953 1
1178 6884 1
1178 2281 1
1178 2312 1
1178 3006 1
1178 2461 1
5416 7514 1
5416 7796 1
3157 5645 1
3157 5237 1
3157 7022 1
3203 6045 1
3203 4207 1
3203 5038 1
2375 3046 1
2375 1498 1
2375 2953 1
2375 2832 1
2626 3658 1
2626 939 1
2626 4432 1
2626 4147 1
3530 3845 1
3530 3612 1
3530 8377 1
3530 7689 1
3530 3861 1
3530 5760 1
6796 200 1
3140 8204 1
3140 1008 1
3140 7570 1
6330 958 1
6330 5563 1
6330 6908 1
6330 2339 1
6330 1762 1
4831 1086 1
5463 5369 1
5463 7106 1
5463 764 1
5463 6814 1
3805 6543 1
2049 2832 1
8471 7799 1
8471 2953 1
8471 4653 1
8471 6778 1
8471 131 1
8471 4988 1
8471 6318 1
3033 2461 1
3033 5369 1
3033 764 1
3033 8160 1
3033 1706 1
2020 5185 1
2020 3714 1
2020 7136 1
2020 4240 1
2020 5307 1
2020 5353 1
2020 2339 1
2020 1229 1
2020 2391 1
2020 6687 1
2020 1498 1
6810 1154 1
6810 4477 1
3777 4725 1
3777 2626 1
5563 6330 1
5563 1762 1
1563 4718 1
4223 3542 1
4223 5807 1
555 7692 1
6778 5209 1
4149 4725 1
4149 7585 1
4149 5566 1
7614 7836 1
7614 6189 1
7614 3091 1
7614 1888 1
7614 3184 1
4063 7829 1
4063 1464 1
4161 3120 1
3019 1294 1
3019 4149 1
2470 224 1
4869 7799 1
7246 5209 1
1888 6877 1
1888 7836 1
1888 6189 1
1888 3091 1
1888 3184 1
1888 6318 1
1888 7614 1
5311 8378 1
3091 7836 1
606 1213 1
606 5039 1
2904 6353 1
2904 2889 1
2904 2312 1
2904 245 1
4777 440 1
4777 1231 1
4777 5307 1
245 6353 1
245 5566 1
245 2889 1
245 2312 1
245 2904 1
693 5209 1
1093 3853 1
1093 3831 1
1093 5307 1
7174 4122 1
7174 4432 1
7174 8018 1
7796 7514 1
7796 5416 1
2342 4875 1
2342 276 1
2342 6790 1
276 2342 1
5677 7270 1
124 2659 1
124 1115 1
7022 5237 1
8180 6886 1
561 2853 1
3853 1093 1
3853 5566 1
3853 5307 1
6288 4833 1
6288 4322 1
6288 7829 1
6288 3831 1
4240 1229 1
4240 2339 1
4240 5353 1
4240 1498 1
4240 6687 1
4240 2391 1
4240 405 1
3120 4161 1
3120 4825 1
3120 4118 1
148 2724 1
440 7129 1
440 2250 1
440 4777 1
5587 6725 1
5587 7610 1
5587 6684 1
6456 7230 1
5633 5010 1
3663 7959 1
3742 6678 1
7837 2714 1
7807 3033 1
7807 4283 1
7807 6219 1
8509 1659 1
3881 6353 1
3881 5352 1
3881 5566 1
3881 5535 1
6909 2694 1
6909 1231 1
6909 2250 1
6909 7180 1
3306 2285 1
7692 7136 1
1464 4063 1
4875 276 1
4875 2342 1
4875 6790 1
5010 5633 1
5596 1598 1
2 20 1
4825 3120 1
4642 1169 1
4642 5118 1
5141 7300 1
6550 7596 1
6678 3742 1
