2072 3052 9
2072 5400 7
2072 3923 7
2072 2671 6
2072 3356 6
2072 3501 6
2072 6314 6
2072 889 5
2072 2824 4
2072 3577 3
2072 2072 3
2072 2928 3
2072 5208 2
2072 2712 2
2072 2890 1
3136 1645 11
3136 3501 11
3136 5657 11
3136 3847 11
3136 753 8
3136 3052 7
3136 6384 7
3136 6314 5
3136 4317 5
3136 2671 3
3136 1301 3
3136 5136 2
3136 4440 1
3136 3907 1
3136 889 1
3136 6596 1
3136 7121 1
3136 4077 1
7009 796 10
7009 8227 10
7009 799 9
7009 753 7
7009 3784 7
7009 3781 5
7009 7600 5
7009 7325 5
7009 5599 5
7009 1645 4
7009 7478 4
7009 3188 4
7009 5329 4
7009 5241 4
7009 2824 4
7009 6196 4
7009 5870 4
7009 3356 4
7009 2671 3
7009 1194 3
7009 5415 3
7009 3577 3
7009 7532 3
7009 889 3
7009 969 2
6196 2195 11
6196 3847 11
6196 796 11
6196 905 11
6196 8227 10
6196 3501 10
6196 799 10
6196 3591 10
6196 6596 10
6196 7325 10
6196 839 10
6196 3052 10
6196 1770 10
6196 7938 9
6196 753 9
6196 6128 8
6196 5371 8
6196 1518 7
6196 705 6
6196 3849 6
6196 5136 6
6196 3350 6
6196 969 6
6196 2482 5
6196 7792 5
6196 6159 5
6196 147 5
6196 5329 5
6196 3527 5
6196 4229 5
6196 5870 5
6196 7978 4
6196 5241 4
6196 5947 4
6196 3356 4
6196 6122 4
6196 2824 4
6196 7009 4
3577 5870 10
3577 2566 8
3577 7325 6
3577 1895 4
3577 5173 3
3577 7009 3
3577 2072 3
3577 7321 3
3577 3577 3
3577 889 2
3577 4383 2
7244 8227 10
7244 4317 5
7244 6196 5
7244 4229 5
7244 6210 4
7244 3577 4
7244 7009 4
7244 7089 2
7244 796 2
7244 6314 2
7244 889 2
7244 4513 2
7244 4385 2
7244 6108 2
7244 17 1
7244 7207 1
7244 624 1
7244 4910 1
7244 8002 1
7244 3320 1
5415 7973 9
5415 5136 4
5415 5329 3
5415 7009 3
5173 799 11
5173 1895 9
5173 3847 9
5173 5177 5
5173 4926 5
5173 3577 5
5173 3356 4
5173 4370 1
5173 5400 1
5173 4493 1
5173 2389 1
5173 8463 1
5173 1700 1
5241 5329 6
5241 2195 5
5241 1903 5
5241 3880 4
5241 3350 4
5241 7009 4
5241 6196 4
5241 3482 4
5241 3728 4
5241 3142 4
5241 3501 4
5241 7532 3
5241 6606 3
5241 6042 3
5241 4229 3
5241 5081 3
5241 1264 3
5241 7806 3
5241 905 3
5241 3525 3
5599 4229 9
5599 799 9
5599 3052 9
5599 8227 9
5599 347 9
5599 7938 9
5599 2072 9
5599 5914 9
5599 753 8
5599 3923 8
5599 7009 5
5599 3136 3
5136 7674 11
5136 6196 6
5136 5415 4
5136 889 3
5136 3136 2
4229 5870 10
4229 4508 8
4229 3238 6
4229 7808 4
4229 5241 4
7532 5477 5
7532 6122 4
7532 425 4
7532 6196 3
7532 5415 3
7532 6042 3
7532 2824 3
7532 7009 3
7532 446 3
7532 3501 2
7532 1542 2
3501 7674 11
3501 799 10
3501 347 10
3501 8227 10
3501 3847 9
3501 7938 9
3501 3238 9
3501 7353 9
3501 5914 9
3501 801 9
3501 6596 9
3501 5870 9
3501 1770 9
3501 6128 9
3501 5415 9
3501 5371 8
3501 3052 8
3501 2566 8
3501 4508 8
3501 5136 7
3501 753 7
3501 3923 7
3501 437 7
3501 4497 7
3501 3136 6
3501 6124 6
3501 2072 6
3501 6159 6
3501 6196 6
3501 3356 5
3501 803 5
3501 1194 5
3501 5484 4
3501 1903 4
3501 7478 4
3501 2935 4
3501 319 4
3501 5241 4
3501 3728 4
3501 2034 4
3501 6042 4
3501 1847 4
3501 3514 4
3501 3542 4
3501 7978 4
3501 5947 4
3501 5329 3
3501 889 3
3501 1701 2
3501 2195 2
3501 3831 2
3501 1542 2
3501 5173 2
3501 4667 2
3501 624 2
3501 7532 2
3501 5081 2
3501 5433 2
3501 4229 2
3501 4910 1
3501 905 1
889 3356 5
889 2072 5
889 905 5
889 329 4
889 5415 4
889 5248 3
889 2824 3
889 2671 3
889 1895 3
889 7756 3
889 3577 3
889 3501 3
889 5136 3
889 7009 3
889 7806 2
889 801 1
889 3136 1
889 5081 1
5870 1770 8
5870 6161 5
5870 6196 5
5870 4317 4
5870 7009 4
3356 7973 9
3356 6596 9
3356 3136 8
3356 5329 8
3356 2104 8
3356 1895 8
3356 3577 8
3356 1645 8
3356 2211 8
3356 157 8
3356 3784 8
3356 3542 8
3356 4762 8
3356 2482 8
3356 672 8
3356 1547 8
3356 3052 8
3356 3320 6
3356 5523 6
3356 2072 6
3356 6925 6
3356 7478 6
3356 1637 6
3356 1777 6
3356 6527 6
3356 3501 5
3356 803 5
3356 2645 5
3356 3274 5
3356 329 5
3356 3263 5
3356 7374 5
3356 889 5
3356 2935 5
3356 3514 5
3356 967 5
3356 6219 5
3356 3236 5
3356 4409 5
3356 5477 5
3356 3152 5
3356 5412 5
3356 7325 5
3356 3730 5
3356 3527 5
3356 3050 4
3356 3074 4
3356 5173 4
3356 4476 4
3356 7009 4
3356 6196 3
1645 7938 11
1645 6042 10
1645 803 7
1645 5136 5
1645 3367 5
1645 6068 5
1645 7716 4
1645 3136 4
1645 7009 4
3849 437 6
3849 4409 5
3849 3849 5
3849 6196 5
3849 5329 5
3849 2824 4
3849 3136 4
3849 3055 2
3849 6596 1
3849 6643 1
3367 3050 4
3367 6122 4
3367 6068 3
3367 2275 2
3367 7468 2
3367 4430 2
3367 1700 2
3367 4440 1
3367 2824 1
3367 3509 1
3367 7043 1
3367 5074 1
3367 7972 1
3367 8196 1
3367 1558 1
3052 905 11
3052 7674 11
3052 4154 10
3052 6196 10
3052 8227 10
3052 7846 10
3052 5599 9
3052 7938 9
3052 1895 9
3052 2072 9
3052 3350 9
3052 5914 9
3052 347 9
3052 1961 8
3052 3501 8
3052 7978 8
3052 753 8
3052 3784 8
3052 3356 8
3052 3136 7
6042 1645 8
6042 7978 7
6042 6009 5
6042 2034 5
6042 5433 4
6042 3136 4
6042 4229 4
6042 7756 3
4407 3136 3
7806 3525 3
7806 5081 3
7806 4229 2
7806 889 2
7806 905 1
7806 1264 1
7806 3486 1
7806 6635 1
7806 6219 1
7806 4440 1
7806 4794 1
7806 2104 1
3525 7806 3
3525 5241 3
3525 5081 3
3525 3525 3
4794 7806 1
5329 3847 11
5329 3356 8
5329 3542 8
5329 4409 8
5329 2482 8
5329 5241 6
5329 6196 5
5329 4229 5
5329 3136 4
5329 7009 4
5329 5415 3
5329 6042 3
5329 3501 3
5329 5136 2
3055 3849 2
3055 7426 1
3514 3847 11
3514 1895 11
3514 3501 5
3514 5433 5
3514 6159 4
3514 329 4
3514 2034 4
3514 1700 3
2888 889 2
2888 4910 2
2888 6635 2
5081 3525 3
5081 4794 2
5081 624 2
5081 905 1
5081 889 1
5081 104 1
5081 4229 1
5081 801 1
5081 4077 1
5081 7806 1
905 6128 11
905 7674 11
905 3847 11
905 3052 11
905 6196 11
905 1645 10
905 3501 2
905 4229 1
7808 4229 6
7808 5433 4
7808 2034 4
7808 889 3
3542 1645 8
3542 3356 8
3542 5329 7
3542 6196 4
3542 4229 4
3542 3501 4
3542 3136 4
6159 7846 10
6159 2566 8
6159 4321 6
6159 3501 6
6159 6196 5
6159 4003 5
6159 7253 5
6159 3050 4
6159 2870 4
6159 3074 4
6159 2034 4
6159 877 4
6159 329 4
6159 2935 4
6159 2195 4
6159 5947 4
6009 3525 1
6009 6042 1
6009 4053 1
6009 907 1
6009 2569 1
6009 3835 1
1847 6210 6
1847 7978 5
1847 6068 5
1847 7325 5
1847 2034 5
1847 4003 4
1847 5173 3
5371 3501 8
5371 4409 8
5371 753 7
5371 3923 7
5371 6196 7
7325 1518 8
7325 2072 7
7325 3577 6
7325 3356 5
7325 1847 5
7325 7978 5
7325 7009 5
7325 329 5
7325 889 5
7325 1636 5
7325 6196 5
7325 2195 5
7325 5947 4
7325 3501 4
7938 799 10
7938 1645 10
7938 839 10
7938 3136 9
7938 3052 9
7938 6196 9
7938 3577 9
7938 5947 9
7938 5870 9
7938 3501 9
7938 4432 2
7938 4628 2
7938 1700 2
2195 6196 11
2195 6925 9
2195 877 5
2195 3074 4
2195 6159 4
2195 2034 4
2195 6500 4
2195 5433 4
2195 2935 3
2195 3514 3
2195 1895 3
2195 3835 3
2195 3501 2
4317 3136 5
4317 6875 1
1542 7207 2
1542 3501 2
1542 505 2
1542 4229 2
1542 889 2
1542 7199 2
1542 3233 2
1542 5329 2
1542 348 2
1542 7532 2
1542 347 2
1542 5477 2
5433 2034 4
5433 3136 4
5433 7978 4
5433 5433 3
5433 716 2
5433 5173 1
5433 7694 1
1895 5424 9
1895 3052 9
1895 3501 9
1895 7325 9
1895 7978 9
1895 3356 9
1895 803 9
1895 3847 9
1895 3577 4
1895 2195 4
1895 889 3
1895 3514 3
1895 2935 3
1895 5173 2
624 7102 1
624 889 1
624 6009 1
624 104 1
624 6321 1
624 4970 1
624 3907 1
624 6596 1
624 3320 1
799 753 11
799 905 11
799 3847 11
799 2072 11
799 2034 11
799 5415 11
799 7674 11
799 5599 11
799 4383 11
799 5947 10
799 7938 10
799 5173 10
799 5870 10
799 6196 9
799 3052 9
799 7009 7
1194 7478 4
1194 7009 3
1194 7532 1
1194 7582 1
1194 7938 1
1194 3907 1
1264 3542 1
1264 7806 1
1264 905 1
1264 4457 1
1264 3962 1
6596 753 9
6596 3542 2
6596 493 2
6596 7532 1
6596 3537 1
6596 2225 1
6596 4794 1
6596 4432 1
6596 1425 1
6596 6108 1
6596 5208 1
6596 2113 1
6596 5477 1
6596 3907 1
6596 4440 1
6596 3136 1
6596 1700 1
6596 4077 1
6122 6453 4
6122 425 4
6122 7532 4
6122 3367 4
6122 6042 4
6122 2824 4
6122 6196 4
6635 7806 1
6635 3129 1
6635 4370 1
6635 5594 1
6635 2888 1
6635 250 1
6635 4739 1
5477 3514 5
5477 3907 2
5477 4229 2
5477 5136 2
5477 3831 2
5477 8050 2
5477 1542 2
5477 624 2
5477 889 2
5477 4053 2
5477 3537 2
5477 5208 2
5477 3542 1
5477 4560 1
5477 1265 1
5477 801 1
5477 4667 1
5477 4077 1
5477 905 1
5477 6596 1
5477 6097 1
5477 757 1
5477 7972 1
5477 7532 1
5477 2499 1
5477 6042 1
5477 4910 1
5477 5081 1
5477 3356 1
5477 3320 1
5477 4147 1
5477 2606 1
5477 4794 1
5477 1264 1
5477 7806 1
5477 2104 1
4253 3878 1
4253 3136 1
4253 755 1
4253 6368 1
4253 967 1
4253 6384 1
4253 3486 1
4253 2824 1
4253 4383 1
4253 2523 1
4253 5419 1
4385 4385 3
4385 6068 3
4385 5433 3
4385 905 2
4385 1558 2
4385 889 2
4385 8050 2
4385 7244 2
2606 4794 2
2606 3525 1
3320 4397 1
3320 624 1
3320 2104 1
3320 7972 1
3320 6219 1
3320 7669 1
3320 7694 1
5412 7089 5
5412 3356 5
5914 5599 9
5914 7325 9
5914 3052 9
5914 5523 9
5914 3501 9
5914 5415 8
3923 3501 7
3923 2671 6
3923 6196 6
3923 5870 6
3923 5599 6
3923 3136 6
3923 6314 6
3923 2072 6
3923 5136 6
3923 5329 6
3923 1845 6
180 7806 3
180 3136 3
180 1185 3
7978 3052 8
7978 2482 7
7978 1777 6
7978 969 6
7978 803 6
7978 2870 5
7978 329 5
7978 1847 5
7978 7325 5
7978 6210 4
7978 839 4
7978 6527 4
7978 6042 4
7978 6196 4
7978 5947 4
7978 877 4
7978 2034 4
7978 5433 4
7972 5329 2
7972 4440 2
7972 4352 1
7972 6068 1
7972 889 1
7972 7532 1
7972 5173 1
7972 3320 1
7972 8204 1
7972 17 1
7972 5477 1
7972 3835 1
7972 3907 1
7972 6423 1
7972 4910 1
7972 7669 1
7972 3367 1
7972 2104 1
8073 4794 2
8073 493 2
8073 8073 2
8073 3136 2
8073 4639 2
1903 3501 2
1903 1558 2
1903 4229 1
1903 3835 1
1903 5081 1
3907 6527 3
3907 7321 3
3907 5600 3
3907 1558 2
3907 4910 2
3907 5081 2
3907 4171 2
3907 1194 1
3907 6596 1
3907 624 1
3907 3136 1
3907 3092 1
3907 6643 1
3907 6042 1
3781 7009 5
3781 4383 3
3781 5136 3
3781 3136 3
3781 2072 3
4739 4253 1
4739 3094 1
4739 2824 1
4739 7596 1
4739 5383 1
2935 7846 11
2935 3356 6
2935 672 5
2935 6500 5
2935 3232 4
2935 3050 4
2935 3514 4
2935 5149 4
2935 3501 4
2935 3074 4
2935 1895 4
2935 329 4
2935 877 4
2935 6159 3
2935 5433 3
2935 2195 3
2935 6614 1
2104 3356 8
2104 4229 1
6514 2671 3
6514 2072 3
6514 3136 3
6161 6196 6
6161 3577 5
6161 5870 4
6161 3537 1
6161 7207 1
6161 2482 1
6161 4253 1
4639 446 3
4639 8416 3
4639 889 2
4639 3907 2
4639 8073 2
4639 5136 2
4639 4628 2
4639 5329 2
4639 7886 2
4639 5592 2
4639 4229 2
4639 1558 2
4639 3136 2
796 6128 11
796 2034 11
796 905 11
796 6196 11
796 1895 11
796 7674 11
796 7009 10
796 5415 10
796 2072 10
796 4229 4
796 3136 2
347 3052 9
347 8189 2
347 3136 2
347 5329 2
347 6134 2
347 624 2
347 5081 2
347 3831 2
347 4560 2
347 348 2
347 1542 2
347 6144 2
347 7532 2
347 4229 2
347 4053 2
347 8196 2
347 7680 1
347 3537 1
347 1264 1
347 5173 1
347 3542 1
347 905 1
347 8204 1
347 889 1
347 1903 1
347 789 1
347 4335 1
347 6219 1
347 3320 1
347 8207 1
347 367 1
347 291 1
347 5314 1
347 5208 1
347 3835 1
347 3092 1
347 3213 1
347 382 1
347 2809 1
347 2883 1
3537 505 2
3537 5477 2
3537 889 1
3537 7680 1
3537 6596 1
5947 1770 7
5947 7325 7
5947 2800 7
5947 4003 4
5947 7978 4
5947 6196 4
5947 6159 4
5947 437 4
5947 3501 4
5947 2034 4
5947 4628 3
803 4003 9
803 2195 6
803 5173 6
803 7808 6
803 6196 6
803 969 6
803 889 6
803 7435 6
803 437 5
803 3501 5
803 3356 5
803 3577 5
803 2808 5
2824 6196 4
2824 1301 4
2824 2072 4
2824 3136 4
2824 7009 4
2824 3849 4
2824 6453 3
2824 889 3
2824 2354 3
2824 755 1
2824 4739 1
2824 3767 1
2824 7532 1
2824 7478 1
2824 5861 1
2824 6108 1
2824 4253 1
2824 937 1
2824 4077 1
2824 3320 1
425 7473 11
425 6122 4
425 7532 4
2978 391 1
3350 3052 9
3350 5947 9
3350 5344 5
3350 905 5
3350 5329 5
3350 1645 5
3350 5415 4
3350 437 4
3350 7808 4
3350 6196 4
3350 1194 4
3350 3501 4
3350 7478 4
3350 4229 4
3350 5241 4
2225 7162 6
2225 2482 1
2225 3525 1
2225 1700 1
2225 4817 1
2225 6068 1
2225 6596 1
2225 2946 1
2225 3992 1
2225 3907 1
2225 1770 1
2225 2113 1
2225 3320 1
6068 3784 8
6068 6042 8
6068 6068 5
6068 1645 5
6068 2482 4
6068 5433 3
6068 6500 3
6068 446 3
6068 3367 3
6068 7972 1
6068 391 1
6068 4352 1
6068 1700 1
2503 803 10
2503 6042 5
8050 7806 3
8050 4385 3
8050 5433 1
8050 3320 1
8050 5173 1
2034 5433 4
2034 329 4
2034 6159 4
2034 7978 4
2034 5947 4
7478 7792 6
7478 2034 4
7478 329 4
7478 242 4
7478 7009 4
7478 3728 4
7478 3356 4
7478 967 2
7478 3486 1
7478 7121 1
4370 4432 1
4370 5433 1
4370 5173 1
4370 5400 1
4370 3267 1
4370 4438 1
4432 4438 1
4432 2331 1
4432 1700 1
4432 4370 1
4432 7886 1
839 7861 7
839 2482 7
839 6196 6
839 7978 4
839 3136 4
5484 3501 5
5484 7478 4
5484 5400 1
3238 7353 6
348 4385 2
348 1558 2
348 4639 2
348 1542 2
348 889 2
348 5081 2
348 5136 2
348 905 2
348 3501 2
348 4229 1
3366 5081 2
3366 925 1
3366 676 1
3366 4432 1
3366 761 1
4077 3367 5
4077 3501 5
4077 5136 4
4077 2824 4
4077 3356 4
4077 6196 4
4077 4794 2
4077 4229 1
4077 5081 1
4077 6596 1
4077 3136 1
5344 4229 5
5201 1185 2
5201 4370 2
6108 889 2
6108 3542 1
6108 4409 1
6108 6596 1
6108 104 1
6108 3907 1
6108 4077 1
6108 4229 1
6108 7806 1
329 7978 5
329 877 5
329 3074 5
329 1637 5
329 7325 5
329 889 4
329 6159 4
329 2034 4
329 3514 4
329 2935 4
329 2195 4
4053 4147 2
4053 5433 2
4053 8196 2
4053 7199 2
4053 6423 2
4053 889 2
4053 7532 2
4053 1903 2
4053 5477 1
4053 3571 1
4053 6009 1
4053 4667 1
4053 348 1
4053 3542 1
4053 7806 1
5482 753 7
5482 6124 6
7973 1770 10
7973 8227 10
7973 8158 9
7973 6196 9
7973 1961 9
7973 3356 9
7973 5415 3
7973 5136 3
7973 7532 2
7973 4229 2
7973 6068 1
7973 6596 1
7973 7806 1
1961 3847 11
1961 7973 9
1961 4508 8
1961 5329 8
1961 753 8
1961 6196 8
1961 3052 8
1961 2566 8
1961 5173 8
1961 3577 7
1961 4229 7
1961 3152 6
1961 5870 6
1961 4409 6
1961 969 6
1961 3501 6
1961 5241 6
1961 7756 6
437 5947 4
437 2034 4
437 1772 2
2482 5870 7
2482 839 7
2482 7978 7
2482 6196 5
2482 3232 5
2482 2482 5
2482 2225 5
2482 6210 5
2482 6068 4
1518 1770 9
1518 7325 8
1518 4229 8
1518 2566 8
1518 6196 8
7089 5412 5
7089 3525 3
7089 3136 3
7089 7244 2
7089 347 2
7089 7806 2
8204 4077 1
8204 3136 1
8204 4229 1
8204 7121 1
8204 7972 1
8204 5054 1
8204 5081 1
4171 5329 2
4171 7532 2
4171 4440 2
4171 551 2
4171 1558 2
4171 905 2
4171 3136 2
4171 4794 1
4171 7806 1
4171 5400 1
4171 3907 1
4171 4432 1
4171 5628 1
4171 3320 1
4171 5173 1
1558 1700 2
1558 348 2
1558 4794 2
1558 4385 2
1558 889 2
1558 4667 2
1558 6596 2
1558 5081 2
1558 1903 2
1558 3989 2
1558 4430 2
1558 3542 2
1558 6869 1
1558 3367 1
1558 7532 1
1558 3320 1
3158 2195 10
2137 259 1
4789 3320 1
4789 2137 1
1691 7435 6
1691 8189 2
1691 2558 2
1691 6596 1
1691 3537 1
1691 3320 1
753 2566 9
753 5870 8
753 2549 8
753 3052 8
753 3136 8
753 5947 8
753 5371 8
753 5482 8
753 5599 7
753 3501 7
753 6196 7
753 7009 7
7207 147 2
7207 6393 2
7207 8375 2
7207 2935 2
7207 1542 2
7207 3501 2
7207 5592 2
7207 7688 2
7207 4497 1
7207 574 1
7207 2079 1
7207 4385 1
7207 907 1
7207 801 1
7207 5208 1
7207 8002 1
7207 67 1
7207 956 1
7207 8443 1
7207 2482 1
7207 7034 1
7207 6161 1
7207 5468 1
7207 2505 1
7207 3910 1
7207 4131 1
7207 7261 1
7207 5671 1
7207 2184 1
7207 923 1
7207 8032 1
7207 7244 1
7207 5530 1
8020 5433 1
5928 1558 1
5928 493 1
5928 3109 1
5928 4794 1
5928 2569 1
3438 4397 1
653 5136 2
7426 3055 1
2344 2104 1
2344 4253 1
2344 3525 1
2344 1863 1
6453 5870 5
3188 4229 8
3188 3577 4
3188 7478 4
3188 7009 3
4628 4003 3
4628 8069 3
4628 1847 2
4628 8196 2
4628 3017 2
4628 6423 2
4628 3958 2
1770 6196 7
1770 5947 7
1770 3501 6
716 2275 2
716 5433 2
7886 3136 2
7886 4440 2
7886 1700 2
7886 3267 1
7886 3017 1
7886 437 1
7886 5419 1
7886 8431 1
7886 4432 1
7886 5594 1
7886 967 1
7886 7038 1
1700 2275 2
1700 348 2
1700 3405 2
1700 4432 1
1700 5433 1
1700 5173 1
1700 4408 1
1700 5255 1
1700 967 1
1700 6596 1
1700 6068 1
1700 3525 1
1700 7121 1
1700 5108 1
1700 8511 1
1700 5419 1
1700 4077 1
3791 2195 8
3791 2935 8
3791 7978 7
3791 7325 7
3791 5173 6
3791 6196 6
3791 6159 5
3791 3050 5
3791 877 5
8207 6196 8
3017 7886 1
8002 4154 10
8002 1701 2
8002 971 2
8002 3136 2
8002 1374 2
8002 624 1
8002 6134 1
8002 5329 1
8002 5468 1
8002 4053 1
8002 2039 1
8002 3542 1
8002 889 1
8002 7244 1
8002 4229 1
8002 3320 1
8002 1265 1
3486 3320 1
3486 3907 1
3486 7806 1
3486 4253 1
3486 4409 1
3486 4432 1
3486 3525 1
3486 7478 1
3486 5173 1
3486 2104 1
3486 967 1
3486 7886 1
3486 1700 1
3486 3136 1
3486 2389 1
4971 5173 6
2857 7199 2
2857 6108 2
2810 4440 2
2810 889 2
967 4409 5
967 3356 5
967 3880 4
967 7478 2
967 3486 1
967 1700 1
967 4253 1
967 7886 1
4440 7972 3
4440 7886 2
4440 889 2
4440 6596 2
4440 4910 1
4440 1149 1
4440 4409 1
4440 3367 1
4440 3136 1
4440 7806 1
2800 5947 7
460 3136 3
801 4508 11
801 3501 9
801 6500 3
801 889 3
801 3835 3
801 801 2
801 5081 1
7756 839 4
7756 1700 3
7756 2034 3
7756 6042 3
7756 5248 3
7756 889 3
7756 2532 2
7756 6009 1
2870 7978 5
2870 2935 5
2870 6159 5
2870 1895 4
2870 5433 4
877 2195 5
877 7978 5
877 329 5
877 2935 5
877 6159 4
435 2606 2
6423 348 2
6423 889 2
6423 7938 2
6423 5433 1
6423 2569 1
6423 6134 1
6423 5575 1
6423 7972 1
6423 391 1
6423 4910 1
6423 5081 1
6423 4002 1
6423 3758 1
6979 3320 1
6979 4803 1
6979 1153 1
6886 6886 2
6886 3136 1
5600 2888 2
5600 7199 2
5600 3907 2
5600 889 2
5600 437 2
5600 7102 2
5600 624 2
5600 5575 1
5600 5433 1
969 2195 11
969 2566 8
969 6128 8
969 7978 6
969 1961 6
969 803 6
969 6196 4
969 7532 3
969 5415 3
969 3577 3
969 7009 2
969 5136 2
4246 2266 3
4910 8207 2
4910 5523 2
4910 5599 2
4910 1109 2
4910 7468 2
4910 3055 2
4910 7152 2
4910 2946 2
4910 8002 2
4910 3405 2
4910 4513 2
4910 4628 2
4910 3577 2
4910 3514 2
4910 4352 2
4910 4527 2
4910 1700 2
4910 2888 2
4910 7680 2
4910 4370 2
4910 7478 2
4910 1265 2
4910 1451 2
4910 3849 2
4910 7532 2
4910 3989 2
4910 5329 2
4910 4493 2
4910 8416 2
4910 6161 2
4910 624 2
4910 2606 2
4910 4229 2
4910 2482 2
4910 348 2
4910 1771 1
4910 5074 1
4910 1212 1
4910 7034 1
4910 8196 1
4910 4359 1
4910 6068 1
4910 2760 1
4910 2104 1
4910 5081 1
4910 653 1
4910 1211 1
4910 2104 1
4910 7694 1
4910 6734 1
4910 1264 1
4910 3109 1
4910 5081 1
4910 6734 1
4910 1264 1
4910 3080 1
4910 760 1
4910 6423 1
4910 3109 1
4910 2553 1
4910 2569 1
4910 67 1
4910 3537 1
4910 7717 1
4910 1558 1
4910 437 1
4910 6707 1
4910 5433 1
4910 801 1
4910 437 1
4910 1558 1
4910 104 1
4910 5173 1
4910 7244 1
4910 1149 1
4910 5575 1
4910 3443 1
4910 4794 1
4910 742 1
4910 64 1
4910 905 1
4910 3017 1
4910 4430 1
4910 2275 1
4910 6453 1
4910 742 1
4910 6453 1
4910 7717 1
4910 6964 1
4910 889 1
4910 2275 1
4910 801 1
4910 1342 1
4910 6069 1
4910 5314 1
4910 4345 1
4910 7972 1
4910 4440 1
4910 1194 1
4910 2624 1
4910 367 1
4910 4476 1
4910 2742 1
4910 2742 1
4910 4409 1
4910 4062 1
4910 1933 1
4910 6596 1
4910 878 1
4910 7806 1
4910 2225 1
4910 3320 1
4910 3907 1
446 4229 3
446 7532 3
446 4639 3
446 2354 3
446 3514 3
3129 4025 1
3129 6643 1
3129 3017 1
3129 1708 1
3129 609 1
3129 8118 1
3129 3724 1
8013 5136 2
8013 3446 2
6527 4154 10
6527 1777 6
6527 6893 4
6527 7978 4
6527 5947 3
6527 3136 3
2549 6939 8
1933 1542 2
1933 3109 1
1933 3542 1
1933 905 1
1933 5477 1
1933 7196 1
1933 4229 1
1933 4910 1
1933 1700 1
1933 3320 1
7680 7325 9
7680 6009 1
7680 3537 1
986 4229 1
986 4397 1
986 3438 1
986 7478 1
986 6219 1
986 3356 1
2328 6895 2
2328 889 2
2328 7321 2
2328 1558 2
2328 2505 2
5248 889 3
5248 7756 3
5248 4639 2
2389 5173 1
2389 5400 1
2389 4878 1
2389 250 1
2389 3486 1
2389 4493 1
2389 5419 1
5074 3463 2
5074 5433 1
5074 3367 1
5074 3320 1
5592 889 2
5592 3514 2
3035 3320 1
3035 7806 1
3035 1700 1
3035 5400 1
3035 1933 1
3035 2270 1
8196 3405 2
8196 6596 2
8196 2505 2
8196 348 2
8196 889 2
8196 4910 1
8196 6869 1
8196 7669 1
8196 3367 1
8196 3320 1
5523 5136 10
5523 6196 10
5523 753 9
5523 5914 9
5523 4229 9
5523 4508 8
5523 3501 8
5523 1700 8
5523 889 3
5523 4910 2
5523 3537 1
5523 7043 1
5523 3667 1
5523 6068 1
5523 2569 1
5523 5575 1
5523 4002 1
5523 4253 1
5523 3356 1
5523 7806 1
8032 1903 1
8032 7532 1
8032 5208 1
8032 3883 1
8032 5477 1
8032 7207 1
8032 6112 1
8032 574 1
2135 3577 9
3016 1194 1
3016 1452 1
3016 7806 1
3016 3320 1
3016 8073 1
3016 3542 1
3016 4409 1
3016 3525 1
3016 1933 1
3016 7743 1
3016 6427 1
3016 7011 1
5575 4077 1
5575 7207 1
5575 5523 1
5575 7196 1
5575 7806 1
5575 4910 1
5575 6219 1
5575 3537 1
5575 6596 1
1374 6196 6
1374 3501 2
1374 5433 2
17 6886 1
17 3542 1
17 3129 1
17 7972 1
17 6614 1
4601 799 9
4601 5415 3
4601 3482 2
4601 2072 2
4601 3136 2
8416 969 2
8416 2712 2
8416 6596 2
8416 6393 2
8416 4910 2
3992 8073 1
3992 3320 1
3992 2978 1
3992 6368 1
3992 4370 1
2955 3320 1
2955 104 1
1844 7886 1
1844 6596 1
1844 6635 1
1844 8069 1
4311 7973 11
4311 4508 8
8209 753 8
8209 3577 8
8209 3923 7
6314 6196 8
6314 2671 7
6314 3923 7
6314 2072 6
6314 7532 2
6314 3136 2
6314 889 2
6314 7244 2
6891 8204 1
6891 7806 1
6891 3486 1
6891 3962 1
6891 4492 1
6891 3320 1
6368 3320 1
6368 3992 1
6368 4253 1
2091 4409 1
2091 3136 1
2091 6643 1
2468 3136 3
2468 7532 3
2468 7009 3
2468 446 3
6795 7009 5
6795 3501 5
7716 1645 4
7716 967 4
7716 7009 3
5850 1700 1
5850 4797 1
4476 1645 4
4476 3356 4
2553 348 2
7846 5494 10
7846 2225 10
7846 2195 10
7846 3152 10
7846 6159 9
7846 3052 9
3482 6196 4
3482 5947 4
3482 5241 4
3482 4628 4
3482 147 3
3482 5329 2
3482 889 2
3482 4601 2
3877 1700 1
4430 3238 5
4430 3367 5
4430 1558 2
6134 347 2
6134 6099 1
6134 4053 1
6134 801 1
6134 4667 1
6134 905 1
6134 6423 1
6134 4560 1
6134 1903 1
6134 5081 1
5866 3542 1
5866 3320 1
3535 5594 1
3535 4970 1
2712 2482 2
2712 3501 2
2712 6527 2
2712 7756 2
2712 8416 2
2712 437 2
2712 2072 2
2712 4253 2
3743 5433 3
3743 2888 2
6143 4003 2
923 5928 2
923 7321 2
923 7808 2
923 4402 2
923 3320 2
923 6068 2
923 6596 2
923 1558 2
923 2482 2
923 2824 2
923 755 2
923 493 2
3835 1895 6
3835 3525 3
3835 2195 3
3835 6500 3
3835 6068 3
3835 801 3
3835 3367 3
3835 3835 2
3835 4003 2
3835 2225 2
3835 4385 2
3835 3514 2
3835 5248 2
3835 1700 2
3835 2827 2
3835 1425 2
3835 7972 1
3835 6042 1
3835 5433 1
1565 7294 1
1565 5798 1
1565 8298 1
1565 6625 1
3447 3320 1
3447 7806 1
3447 4432 1
3447 6893 1
7773 7374 6
7352 4794 2
7352 4527 2
8511 6068 1
8511 1700 1
3080 4910 1
981 3320 1
981 3542 1
981 4794 1
981 6643 1
981 5173 1
981 5108 1
981 437 1
981 3878 1
981 1343 1
981 3962 1
2569 5433 2
2569 6009 1
2569 4370 1
2569 889 1
2732 2553 2
2732 3501 2
7199 4053 2
7199 1542 2
7199 889 2
7199 3463 2
4859 3992 1
4859 8198 1
4527 7352 2
4527 3367 2
4527 3849 2
186 7806 7
3758 3367 1
3758 460 1
3758 6423 1
43 3835 1
43 44 1
2926 905 2
2926 7806 2
2926 3320 1
2926 417 1
2926 5081 1
7261 3083 2
7261 1700 2
7261 4385 2
280 2532 1
280 2727 1
280 250 1
280 5850 1
280 540 1
280 2669 1
280 7802 1
1149 5415 9
1149 3438 1
1149 3083 1
1149 4370 1
1149 967 1
1149 7121 1
1149 43 1
1149 6851 1
1149 4440 1
1149 6204 1
1149 3320 1
5530 4667 2
5530 7207 1
1301 5241 4
1301 3136 3
7480 7321 3
7480 7009 3
7480 5136 3
755 5419 2
755 3136 2
755 3421 2
6210 803 6
6210 6042 6
6210 2503 5
6210 2482 4
6210 7978 4
2928 5241 5
2928 3136 3
2928 2072 3
2671 3784 7
2671 6314 7
2671 3923 6
2671 2072 6
2671 6514 4
2671 7009 3
2671 6196 3
2671 889 3
2671 3136 3
5524 6654 1
5524 7138 1
7321 7321 3
7321 889 3
7321 3577 3
7321 3501 3
7321 4383 3
7321 3907 2
8463 3438 1
8463 5173 1
8463 6886 1
8463 4345 1
8463 6695 1
8463 4493 1
8463 2489 1
1636 8434 5
1636 7009 5
1636 3784 5
1636 5329 5
1636 4409 5
1636 8446 5
1636 5484 5
1636 1558 5
1636 7325 5
1636 437 5
1636 5173 5
1636 889 4
1636 67 4
8203 3320 1
6321 3320 1
6321 624 1
6321 3509 1
7162 2225 3
2975 4383 3
2975 905 1
2975 4002 1
2975 889 1
2975 3542 1
2975 5208 1
2975 2944 1
2975 6068 1
7435 7773 6
7435 7374 6
7435 803 6
7435 1691 6
7435 7600 6
2211 7325 8
1845 2104 1
6695 5173 4
6695 8463 1
104 6108 1
104 878 1
104 624 1
104 5081 1
104 6076 1
104 6596 1
104 3320 1
7743 3320 1
7743 172 1
3050 6159 4
3050 5947 4
3050 2935 4
3050 3356 4
3050 2034 4
8443 7321 1
8443 3438 1
8443 3320 1
8443 7207 1
7310 8463 1
7310 8252 1
5959 7806 1
5959 493 1
5959 2532 1
5959 1542 1
5959 104 1
5959 7207 1
6625 7294 1
6625 8298 1
3932 4253 1
3932 3129 1
3932 367 1
8299 3577 8
3621 2452 1
3621 2738 1
3621 1317 1
4359 348 2
4359 5838 1
4359 1700 1
1303 3791 7
3142 3728 4
3142 2671 4
3142 3356 4
3142 6606 4
3142 5415 4
3142 4229 4
3142 5241 4
3142 5081 4
3142 6196 4
3142 5136 4
3142 5248 4
3142 889 3
7674 3136 11
7674 2195 11
7674 5415 11
7674 6196 11
7674 3052 11
7674 5136 11
7674 4229 9
8198 3320 1
8198 8002 1
8198 6068 1
8198 4253 1
8198 1903 1
8198 3525 1
8198 4859 1
8198 5477 1
8198 3538 1
8198 5081 1
8198 8057 1
8198 4316 1
7315 1700 2
5054 2104 1
5054 3320 1
5054 7196 1
5054 3438 1
5054 8204 1
5054 2890 1
5054 7669 1
391 6068 1
391 5173 1
5813 3525 1
5813 2086 1
5813 5383 1
5316 3525 1
5316 4409 1
5316 6244 1
6606 3501 4
6606 5081 4
6606 5241 3
7792 4229 5
7792 7978 5
7792 6196 5
6112 7806 1
6112 4794 1
6112 5477 1
6112 8032 1
6112 3962 1
6112 6219 1
4409 5329 5
4409 4229 5
4409 3356 5
4508 7973 10
4508 8227 10
4508 801 9
4508 6196 8
4508 4311 8
4508 4229 8
4508 3501 8
4667 1558 2
4667 7532 1
4667 1264 1
4667 4229 1
4667 4053 1
4667 889 1
4667 905 1
4667 6134 1
4667 3542 1
4667 5477 1
4667 2499 1
4667 5081 1
4667 4077 1
4667 7806 1
4667 3320 1
8227 3136 10
8227 7846 10
8227 2034 10
8227 3238 10
8227 3052 10
8227 803 10
8227 7244 10
8227 5136 10
8227 7009 10
8227 3847 10
8227 1518 10
8227 4229 9
8227 5599 9
8227 4508 9
8227 7973 9
8227 6196 9
8227 3501 9
157 3356 9
5338 7806 1
5338 3525 1
5338 3772 1
5338 3274 1
5338 7794 1
5338 7121 1
5338 1153 1
5338 4294 1
5338 4148 1
5338 280 1
4903 3136 3
7602 178 2
147 6196 4
147 3482 4
147 7207 2
3109 5136 1
3109 7806 1
3109 5484 1
3109 5928 1
3109 2624 1
3109 8204 1
3109 4253 1
3109 5173 1
3109 4794 1
3109 1700 1
3109 8057 1
3109 1470 1
3109 8002 1
3109 3320 1
4983 7806 1
4983 7196 1
4983 4409 1
4983 3525 1
4983 3274 1
4983 8204 1
4983 5054 1
4983 3486 1
4983 5362 1
4983 4720 1
4983 6330 1
3962 2104 1
3962 1264 1
3962 4794 1
5208 8002 1
5208 348 1
5208 4229 1
5208 5866 1
5208 2499 1
5208 6869 1
5208 5573 1
5208 889 1
5208 1903 1
5208 4667 1
5208 5329 1
5208 905 1
5208 4077 1
5208 8032 1
5208 6129 1
5208 7532 1
5208 1264 1
5208 6305 1
5208 4053 1
5208 5081 1
5208 6134 1
5208 4212 1
5208 6097 1
5208 2975 1
5208 2072 1
5208 3542 1
5208 1863 1
5208 3537 1
5208 6042 1
5208 6743 1
5208 1194 1
5208 5173 1
5208 1542 1
5208 801 1
5208 1778 1
5208 4476 1
5208 6076 1
5208 6596 1
5208 1635 1
5208 2569 1
5208 5477 1
5208 7207 1
5208 104 1
5208 5850 1
5208 5222 1
5208 3907 1
5208 6112 1
5208 956 1
5208 2104 1
5208 3320 1
5208 4432 1
5208 765 1
5208 4253 1
5208 7596 1
5208 540 1
5208 347 1
5208 3908 1
5208 2344 1
5208 5219 1
5208 5244 1
5208 7806 1
6219 3356 5
6219 3542 2
6219 4794 1
6219 4432 1
6219 4493 1
6219 3525 1
6219 3136 1
6219 7806 1
4002 4077 1
4002 3136 1
4002 4409 1
4002 3320 1
4002 3542 1
4002 4497 1
4002 5523 1
4002 3537 1
4002 4817 1
4002 2975 1
4002 2569 1
4002 5477 1
4002 1212 1
4002 3907 1
4002 6423 1
4002 6219 1
6895 2328 2
6895 4513 2
6895 6009 2
494 7043 1
494 1153 1
494 4492 1
494 3525 1
6076 3525 2
6076 3542 1
6076 624 1
6076 4229 1
6076 3320 1
6076 6097 1
3446 905 2
3446 348 2
3446 7602 2
3446 3525 1
3446 6134 1
1265 348 2
1265 3501 2
1265 5329 2
1265 3136 2
1265 6869 1
1265 1342 1
1265 3389 1
1265 5081 1
1265 5477 1
1265 4817 1
1265 8002 1
1265 7806 1
1265 3883 1
1265 8204 1
1265 4457 1
1265 1264 1
1265 3320 1
6198 3831 2
6198 7532 2
6198 5081 2
3233 7532 2
3233 2226 2
3233 878 2
3233 1542 2
3233 5433 2
3233 5400 2
3233 7973 2
3233 505 2
3233 3501 2
3233 3092 1
2275 716 2
2275 3367 2
2275 4910 1
8069 4246 4
8069 5433 3
8069 5841 1
8069 4794 1
8069 4370 1
4397 5628 1
4397 3320 1
3847 905 11
3847 3577 11
3847 8331 11
3847 7325 10
3847 3136 10
3847 6196 9
3847 2034 9
3847 5173 9
3847 803 9
3847 1895 9
3847 7978 9
4003 3847 9
4003 3514 4
4003 2195 4
4003 2034 4
4003 1700 2
4003 5173 2
4003 2935 2
4003 4408 2
8446 1636 5
5720 1700 1
5720 3017 1
5720 3320 1
5720 3486 1
5720 7038 1
1701 3501 2
1701 1542 2
1701 5329 2
1701 971 2
1701 347 2
5419 4253 1
2808 6925 6
2808 803 5
4352 6068 1
4352 5433 1
4352 801 1
4352 7972 1
6893 6159 8
6893 7253 7
6893 6527 4
6893 877 4
6893 6068 3
6893 4440 2
6893 4407 2
6893 4432 2
6893 1715 2
6893 3320 2
6893 1425 2
6893 2482 2
6893 5419 1
6893 5173 1
6893 2935 1
1777 7978 7
1777 6527 6
1777 889 6
1777 3577 6
1777 3356 6
3784 5424 8
3784 3238 8
3784 6068 8
3784 3052 8
3784 3136 7
3784 2482 7
3784 2671 7
3784 7325 7
3784 6196 7
3784 3514 7
3784 6042 7
3784 1645 7
3784 7009 7
3784 5870 7
3784 2072 6
2566 969 9
2566 2195 9
2566 1518 8
2566 753 8
5841 1700 1
5841 4253 1
5841 5594 1
5841 8069 1
7447 7447 4
7447 1700 2
7582 3320 1
7582 4409 1
7582 8156 1
7582 1194 1
7582 104 1
1853 5433 4
1853 7694 2
551 971 2
551 4511 2
551 4171 2
2526 597 1
5628 3320 1
5628 4476 1
5628 2890 1
5628 4397 1
5628 4794 1
5628 5400 1
5628 4409 1
5628 4171 1
5628 4983 1
5628 4253 1
5628 2104 1
5400 2072 7
5400 6159 6
5400 3136 2
5400 3233 2
5400 2389 1
5400 5173 1
5400 4317 1
5400 1708 1
5400 4970 1
5400 3486 1
5400 4370 1
5400 6068 1
3152 7846 10
3152 1961 8
3152 3514 6
3152 6159 6
3152 4926 6
3152 2195 5
3152 2935 5
3152 3577 5
3152 4409 5
3152 329 5
3152 3356 5
3074 329 5
3074 6159 4
3074 3514 4
3074 877 4
3074 3356 4
3074 2935 4
1708 4438 1
1708 5173 1
1708 4370 1
1708 5400 1
1708 3835 1
1425 6159 7
1425 2482 3
1425 7253 3
1425 3835 2
1425 1425 2
1425 7582 1
6925 2962 8
6925 3791 8
6925 6159 6
6925 2195 6
6925 3356 6
3405 8050 2
3405 437 2
3405 1772 2
3405 8196 2
3405 1700 2
2547 3320 1
2624 3992 1
2624 3438 1
2624 3109 1
2624 967 1
1637 329 5
1637 7325 5
1637 6159 4
1637 4003 4
3232 1895 5
3232 2482 5
4970 3535 1
5177 5087 6
5177 5173 1
3083 7261 2
3083 8204 1
3083 1772 1
3236 4926 5
3236 3356 5
3236 7052 5
5087 5177 6
3527 6196 5
3527 3356 5
6500 3835 3
6500 6068 3
6500 801 3
7253 329 5
7253 6159 5
7253 1425 1
1630 8002 2
1630 889 2
1630 1700 2
1630 6596 2
1630 624 2
1630 4370 2
1630 2532 1
1630 4794 1
1630 3274 1
1630 3542 1
1630 2141 1
1630 4409 1
1630 8511 1
1630 3849 1
1630 3389 1
1630 6068 1
4163 3017 1
4163 1558 1
7374 944 7
7374 7185 7
7374 6159 6
7374 7435 6
4147 4053 2
4147 2104 1
4147 5477 1
4147 4497 1
4926 4321 6
4926 3152 6
4926 2195 6
4926 3356 5
4926 2225 5
4926 5173 5
4926 7325 5
4926 1636 5
4926 6159 5
4926 3236 5
3730 6196 5
3730 4409 5
3730 6159 5
3730 3356 5
3730 329 5
2266 4246 3
3667 5523 1
3667 5671 1
2483 5400 1
3267 4370 1
3267 7886 1
3267 5290 1
3267 8431 1
789 624 2
8158 905 11
8158 8227 9
8158 7973 9
8158 5914 9
8158 6196 9
6869 889 1
7861 1542 3
4908 5484 1
878 7806 2
878 4229 2
878 889 2
878 2606 1
878 4794 1
878 624 1
879 6309 2
6455 889 2
6455 2389 2
6455 7972 2
6455 1209 1
6455 2606 1
6455 3274 1
6455 7886 1
6455 4432 1
6455 2107 1
6455 4492 1
6455 1382 1
4497 1343 3
4497 4147 3
4497 4002 1
3775 1317 1
3092 918 1
3092 4025 1
3092 3537 1
3092 3883 1
3092 6596 1
3092 1912 1
3092 3233 1
3092 3907 1
3092 3908 1
3092 347 1
3092 3356 1
3092 3320 1
2039 2532 2
2039 3831 2
2039 5081 2
2039 6869 1
6743 801 1
6743 3042 1
6743 3883 1
6743 7972 1
7473 425 11
7473 4154 10
7473 4229 10
5533 3136 1
5533 6108 1
5533 519 1
5533 4432 1
5533 3017 1
5533 3656 1
5533 7886 1
5533 967 1
5533 5255 1
5533 2606 1
5533 7022 1
5533 2824 1
5533 2344 1
5533 7655 1
5533 280 1
5533 3767 1
5533 837 1
5533 4253 1
5533 250 1
6707 4002 2
6707 493 2
4957 3724 1
2890 7806 1
2890 2072 1
2890 4229 1
2890 6108 1
2890 8397 1
2890 5628 1
2890 3274 1
2890 5054 1
2890 6988 1
2890 2581 1
8156 3542 1
8156 4229 1
8156 801 1
8156 3320 1
8156 8057 1
8156 7669 1
6427 4409 1
6427 5169 1
2218 8073 1
8080 4268 1
8080 2344 1
2079 3772 1
1008 6453 5
1008 3129 1
32 1517 1
505 889 3
505 446 3
505 7808 2
505 2857 2
505 4229 2
505 1542 2
505 3501 2
505 3537 2
505 7532 2
505 3233 2
2760 1903 1
2760 4910 1
2858 2104 1
2858 7196 1
2858 889 1
2858 3274 1
2858 6596 1
7669 3136 2
7669 2824 2
7669 3320 1
7669 7972 1
7669 5054 1
7669 3542 1
7669 3907 1
7669 1547 1
7669 8196 1
519 435 4
519 3231 1
519 6311 1
519 3481 1
519 4579 1
6128 905 11
6128 3501 9
6128 4229 8
1849 6694 1
7518 3274 1
7518 3486 1
7518 8133 1
7518 3356 1
1771 2888 1
1771 8073 1
5108 2935 1
5108 7582 1
5108 981 1
5108 2389 1
5108 1700 1
3168 3320 1
3168 6635 1
7703 799 9
7703 3238 8
7703 3577 8
4438 5433 2
4438 2331 1
4438 1708 1
4438 43 1
4438 4432 1
4438 4370 1
971 1701 2
971 3367 2
971 551 2
971 5400 1
2660 8207 9
2660 5914 9
2660 6196 6
64 3320 1
374 889 1
374 3542 1
374 3537 1
374 2606 1
374 7806 1
6203 5971 1
8065 3958 1
4817 3320 1
4817 4002 1
4817 3136 1
4817 2225 1
4817 1265 1
7694 5433 1
7694 2389 1
7694 3320 1
6111 2168 1
3728 7478 4
3728 3501 4
3728 7532 4
3728 3142 4
3728 6042 4
3728 7756 4
3728 6781 4
3728 5241 4
3728 6196 4
3728 4229 4
3728 5329 4
3728 7009 4
4402 923 2
7073 5964 1
7073 4294 1
7073 5984 1
7073 4525 1
7073 4123 1
7600 7435 6
7600 437 5
7600 7009 5
6384 3136 7
6384 889 1
493 1558 2
493 8073 1
493 8203 1
493 8431 1
493 5329 1
493 2824 1
493 5573 1
493 878 1
493 6707 1
2331 4432 1
3274 2452 1
3274 3907 1
3274 2890 1
3274 4409 1
5569 3542 1
5569 3962 1
250 4077 1
250 4432 1
250 6042 1
250 2389 1
250 4440 1
250 1547 1
6069 446 3
4762 6068 5
1185 1700 3
1185 2275 3
1185 180 3
1185 6068 3
1185 1185 2
1185 5201 2
1185 4370 2
3389 4253 1
3389 1265 1
3389 1630 1
6939 5861 1
907 4370 2
907 6009 1
907 624 1
907 4438 1
907 2389 1
907 7669 1
705 6196 4
6855 6196 6
6144 1111 1
4513 7244 2
4513 3525 2
4513 4910 2
4513 3501 2
937 7478 1
937 2824 1
937 1470 1
5594 3136 1
5594 2858 1
5594 3017 1
5594 4253 1
5594 8397 1
5594 7669 1
5594 5841 1
5594 7886 1
5594 3535 1
4493 3542 1
4493 3438 1
4493 8463 1
4493 5173 1
4493 3274 1
4493 2858 1
4493 3486 1
4493 4438 1
4493 3962 1
4493 1863 1
4493 6219 1
3509 7009 4
3509 3367 2
3509 8204 1
3509 104 1
3509 5861 1
3509 5795 1
3509 4739 1
3509 4440 1
3509 3320 1
3509 6321 1
3509 5477 1
3509 3129 1
3509 3767 1
3509 7532 1
3509 3525 1
3509 5338 1
5573 624 1
5573 7680 1
2505 2328 2
2505 5244 2
2505 8196 2
6393 8416 2
6393 4409 1
6393 1933 1
4294 7806 1
4294 7073 1
4294 6307 1
4294 2455 1
4294 5984 1
4294 2606 1
4294 1863 1
4294 1153 1
4294 540 1
4294 4709 1
4294 4148 1
4294 736 1
4294 2344 1
4294 4432 1
4294 280 1
4294 945 1
4294 5338 1
1153 3525 1
1153 2582 1
6466 3542 4
6466 4229 4
1594 3238 6
1039 4229 4
3263 3238 5
3263 329 5
3263 3356 5
6781 3728 4
6781 4229 4
3880 5241 4
3880 6196 4
3880 4229 4
3880 425 4
3880 967 4
1800 4229 4
7353 3238 6
574 3537 1
574 3542 1
574 905 1
574 5329 1
574 5108 1
574 5081 1
574 8032 1
574 348 1
574 6097 1
597 5866 1
597 1903 1
597 3784 1
597 2526 1
597 4532 1
597 915 1
597 1535 1
2645 6128 8
2645 3784 8
2645 5329 8
2645 2104 8
2645 5136 8
2645 4229 8
2645 437 8
2645 2072 8
2645 3527 8
2645 753 8
2645 3320 8
2645 3356 5
2645 7478 5
2645 7009 5
2645 3791 5
2645 1770 5
2645 3577 5
2645 2824 5
2645 5074 5
2645 6196 5
2645 6219 1
2645 3486 1
1317 3621 1
3271 3179 1
676 755 1
676 540 1
676 280 1
676 1517 1
676 3796 1
676 7886 1
676 6635 1
676 1844 1
2425 5850 1
1517 1558 2
1517 3501 2
1517 4409 1
1517 7258 1
1517 676 1
1517 250 1
1517 5419 1
1517 3486 1
3419 4739 1
2169 4253 1
2169 44 1
2169 1145 1
2169 789 1
3179 3271 1
6279 4432 1
6279 1700 1
6279 3802 1
6279 872 1
6279 7254 1
6279 5255 1
6279 5594 1
6279 4739 1
6279 2107 1
6279 3419 1
6279 5581 1
6279 5484 1
6279 4253 1
6279 1176 1
6279 6204 1
1209 1700 1
1209 4253 1
1209 3492 1
1209 6455 1
1209 957 1
6654 5524 1
3796 4432 1
3796 676 1
3796 4739 1
3796 4957 1
3796 3724 1
3796 382 1
7196 4409 1
7196 5926 1
7196 2858 1
7196 1933 1
7196 3320 1
7196 5054 1
7196 4517 1
7196 4983 1
2781 4432 1
2841 1772 1
5671 3537 1
5671 7207 1
5671 3667 1
5671 7157 1
4365 250 1
4365 4432 1
4365 4739 1
6876 4739 1
7157 4794 1
7157 4253 1
7157 5671 1
3724 7578 1
3724 2482 1
3724 4957 1
44 43 1
713 5850 1
3373 3492 1
854 4253 1
3755 4253 1
3755 3486 1
3755 6635 1
1176 4253 1
1176 1844 1
1176 6279 1
1176 6204 1
1145 4253 1
1050 3136 1
1050 4397 1
1050 6596 1
872 250 1
872 4123 1
2738 3621 1
4704 4253 1
4704 4163 1
4704 2547 1
7121 5248 3
7121 1700 1
7121 8204 1
7121 3136 1
3767 4253 1
3767 4794 1
3767 2824 1
918 5081 7
918 889 4
918 6143 2
918 7478 1
918 2344 1
918 3835 1
918 5484 1
918 5971 1
918 3092 1
8218 3136 1
8218 1264 1
8218 250 1
8218 4797 1
8442 7806 1
8442 4409 1
8442 2532 1
8442 7121 1
8442 4253 1
8442 2107 1
8442 4492 1
4079 4253 1
4079 3542 1
4079 3962 1
4079 5075 1
7048 986 1
7048 4724 1
7048 2618 1
3772 3274 1
4735 5208 1
921 4253 1
2270 4503 1
2270 4476 1
6851 3138 1
6204 1298 1
6204 1408 1
6204 6279 1
4268 3320 1
4268 4253 1
4268 4397 1
4268 7801 1
4268 2344 1
925 755 1
925 3366 1
925 280 1
1912 7669 1
1912 6596 1
1912 8204 1
1912 437 1
1912 1343 1
1912 3907 1
1912 3356 1
1912 4794 1
1912 3083 1
1912 1933 1
1912 7806 1
1912 3092 1
1912 7794 1
1912 7121 1
1912 5054 1
1912 1264 1
1912 6219 1
1912 2606 1
1912 3320 1
1912 2104 1
3492 1844 1
3492 1145 1
3492 32 1
3492 1209 1
3492 676 1
3492 872 1
3492 3373 1
3492 3017 1
3492 6654 1
3492 6635 1
3492 2841 1
3492 4739 1
3492 6279 1
3492 1149 1
3492 6204 1
3492 1382 1
3492 2796 1
3492 5255 1
3492 5594 1
3492 7886 1
3492 250 1
3492 3755 1
3492 43 1
3492 44 1
3492 4253 1
3492 1517 1
3492 789 1
3492 3136 1
259 2137 1
3138 4560 1
3138 6851 1
4517 5959 1
4517 6891 1
4517 3367 1
4517 1547 1
4517 3907 1
4517 4148 1
4517 4739 1
2452 3274 1
2452 7834 1
6540 5850 1
7966 4253 1
1408 6204 1
2116 3992 1
2116 1149 1
3344 4253 1
3344 761 1
3344 7478 1
3344 742 1
3344 2606 1
3344 3274 1
3344 755 1
3344 250 1
2244 8080 1
2244 32 1
2244 4739 1
2244 4797 1
2244 8490 1
2244 4070 1
2244 382 1
6536 206 1
6536 2344 1
6536 4739 1
6536 7258 1
6536 1149 1
4724 4797 1
4724 3824 1
2582 3525 1
2582 1153 1
2582 2344 1
2582 4148 1
2582 3972 1
2132 3320 1
2132 4370 1
6681 3136 5
6681 5573 1
4457 3542 1
4457 4432 1
4457 1264 1
4457 4397 1
4457 1265 1
4457 6596 1
4457 5254 1
8431 7886 1
8431 3267 1
8431 4185 1
367 3136 1
367 4148 1
367 3932 1
3186 4253 1
3186 1194 1
5290 3267 1
609 5484 1
7660 1772 2
4709 6307 1
4709 2086 1
4709 2344 1
4709 736 1
4709 2455 1
4709 5984 1
4709 415 1
4709 7596 1
4709 3525 1
4709 2606 1
4709 4294 1
4709 540 1
4709 3972 1
4709 1863 1
4709 5338 1
6099 435 1
6099 6009 1
6097 3320 1
6097 4560 1
6097 3542 1
6097 6305 1
6097 4053 1
6097 348 1
6097 5208 1
6097 4667 1
6097 574 1
6097 3501 1
6097 4229 1
6097 6076 1
3855 4229 1
3855 4560 1
3855 5477 1
5964 3320 1
5964 3129 1
5964 4370 1
6875 3136 3
6875 4317 1
5468 3389 1
5468 4229 1
5468 493 1
5468 5866 1
5468 5433 1
5468 3129 1
5468 2955 1
5468 7207 1
5468 5081 1
3654 2606 2
3654 3320 1
5219 5208 1
8189 1558 2
8189 3320 2
8189 5400 1
8189 3109 1
8189 7694 1
5798 1565 1
3878 4253 1
3878 4794 1
3878 6643 1
3878 981 1
3878 2824 1
3878 8511 1
1927 3992 1
7294 8298 1
7294 6625 1
5971 5219 1
5971 6203 1
5971 4794 1
5971 6877 1
5971 7121 1
5971 4294 1
5971 2344 1
1470 937 1
1470 3129 1
903 4253 1
903 2285 1
903 3481 1
404 1081 1
1452 3486 1
1452 2606 1
1452 3274 1
1452 7806 1
1452 3908 1
1452 2104 1
5825 5477 1
3802 4253 1
3802 7478 1
3802 5594 1
3802 6279 1
4267 5984 1
4492 7806 1
4492 3772 1
4492 6042 1
4492 4402 1
4492 5262 1
4492 6042 1
4492 7254 1
4492 8069 1
4492 5905 1
4492 4101 1
4492 6502 1
4492 4517 1
4492 51 1
4492 7088 1
4492 5841 1
4492 8080 1
4492 3775 1
4492 6643 1
4492 3101 1
4492 3035 1
4492 5255 1
4492 2458 1
4492 4079 1
4492 8186 1
4492 4253 1
4492 2547 1
4492 2547 1
4492 2106 1
4492 6455 1
4492 8302 1
4492 1863 1
4492 1149 1
4492 4370 1
4492 4515 1
4492 5850 1
4492 6427 1
4492 6427 1
4492 4171 1
4492 5532 1
4492 5124 1
4492 4739 1
4492 494 1
4492 7966 1
4492 4457 1
4492 3168 1
4492 7038 1
4492 8442 1
4492 6891 1
4492 854 1
1778 5208 1
7688 4253 1
5314 5208 1
6643 5592 2
6643 3501 2
6643 3537 2
6643 889 2
6643 1701 2
6643 5433 2
6643 4370 1
6643 981 1
6643 3878 1
6643 2091 1
6643 377 1
6643 6219 1
6643 3849 1
6643 1700 1
6643 3320 1
6643 4409 1
6643 4739 1
6643 7478 1
6643 5691 1
6734 4910 2
4797 5971 1
4797 5850 1
4797 2244 1
757 3320 1
757 5477 1
757 1547 1
4086 3320 1
3790 967 1
3790 3656 1
3790 1153 1
3790 6635 1
3790 4555 1
3790 6219 1
3790 2796 1
8298 7294 1
8298 6625 1
7864 4409 1
7864 4397 1
7864 8073 1
7864 3542 1
7864 3525 1
7864 3320 1
7864 3083 1
7864 1194 1
7864 5816 1
2341 6368 1
6246 7806 1
6246 3525 1
6246 3643 1
6246 6219 1
6246 1081 1
6246 4831 1
7088 5850 1
5289 7258 1
3910 7207 1
2455 7532 2
2455 3017 2
2455 4667 2
2455 4794 2
2455 5971 1
2455 2606 1
2455 1153 1
2455 2086 1
2455 2344 1
2455 4294 1
2455 1863 1
2455 5984 1
2455 4547 1
2455 5277 1
2455 3019 1
2455 374 1
2455 3525 1
2455 4409 1
2455 6307 1
2455 540 1
2455 4709 1
2455 4148 1
2455 2669 1
2455 280 1
2455 736 1
2455 2582 1
2455 945 1
2455 7806 1
2455 5338 1
7794 3525 1
7794 8057 1
7043 7806 1
7043 4397 1
7043 8073 1
7043 5523 1
7043 6009 1
7043 3320 1
7043 5433 1
7043 3367 1
5651 7806 1
5651 5931 1
377 6643 1
377 8204 1
377 3962 1
377 7669 1
8057 7680 1
8057 2727 1
540 3525 1
540 2606 1
540 1153 1
540 945 1
172 1700 1
172 4370 1
172 4438 1
4560 3831 2
4560 347 2
4560 4053 2
4560 348 2
4560 905 1
4560 7532 1
4560 7696 1
4560 6134 1
4560 4667 1
4560 6097 1
4560 5477 1
4560 1915 1
4560 3855 1
4560 4229 1
7677 3320 1
7677 6643 1
1547 7352 3
1547 3542 1
1547 7478 1
1547 878 1
1547 2606 1
1547 8204 1
1547 757 1
1547 250 1
1547 3962 1
1547 3344 1
1547 3356 1
1547 7806 1
1547 3320 1
1212 4497 3
6041 1700 1
6041 5173 1
793 3877 1
793 5173 1
5919 3772 1
5919 4983 1
5919 4735 1
5919 1454 1
5919 7806 1
5919 3320 1
2944 5173 2
2944 3320 1
2944 6068 1
2944 2569 1
2944 2389 1
4185 8431 1
4185 5419 1
370 4517 1
1863 5338 1
1863 2606 1
1863 4547 1
1863 1153 1
1863 4709 1
4345 6886 1
4345 8156 1
4345 8463 1
4345 5173 1
4345 801 1
4345 348 1
4345 969 1
4345 3571 1
4345 8268 1
4345 6695 1
4345 3907 1
4345 4910 1
4635 8073 1
2489 5173 1
2489 8463 1
2489 4957 1
6614 2935 1
3560 1558 2
7275 7478 1
7275 6643 1
7275 8030 1
7275 3907 1
7275 1547 1
7062 5628 1
5222 5208 1
5222 3421 1
1111 4794 1
1111 3083 1
1111 6614 1
7102 624 1
2532 716 2
2532 5433 2
2532 5081 2
2532 3831 2
2532 2558 1
2532 624 1
2532 4794 1
2532 1630 1
2532 348 1
2532 905 1
2532 4430 1
2532 1535 1
2532 280 1
2532 4253 1
7655 3656 1
7655 7011 1
8268 5691 1
8268 4345 1
4557 3542 1
6803 4229 3
6803 6643 1
6803 4409 1
5104 4794 1
5104 3962 1
5104 3524 1
4001 5816 1
4179 6076 1
153 3320 1
1109 4385 2
1109 437 2
1109 7806 1
837 5533 1
837 7806 1
837 2104 1
837 3656 1
837 1454 1
837 5964 1
837 2972 1
837 133 1
837 4316 1
837 7802 1
2893 4432 1
1473 4503 1
1473 3643 1
1473 2764 1
2581 5173 1
2581 2890 1
2107 2455 1
2107 494 1
2107 7806 1
2107 7254 1
2107 4409 1
2107 4253 1
2107 1153 1
2107 6455 1
2107 6279 1
2107 5081 1
2107 554 1
2107 32 1
2107 280 1
7138 5524 1
7138 3983 1
7138 5718 1
8490 2244 1
7258 7806 1
7258 7966 1
7258 7254 1
7258 5289 1
7258 2824 1
7258 6536 1
7258 374 1
7258 2582 1
7258 1517 1
4316 7806 1
4316 837 1
4316 494 1
4316 2972 1
4316 3172 1
4316 133 1
4316 7802 1
2827 8204 3
2827 3835 1
2751 8302 1
3180 3320 1
3180 4503 1
3180 4383 1
3180 4794 1
2558 1691 2
2558 3320 1
2558 8189 1
2558 4397 1
2558 2532 1
3481 7532 2
3481 519 1
7596 7806 1
7596 5850 1
7596 540 1
7596 4709 1
7596 736 1
178 905 2
178 3525 2
3538 2452 1
5796 4560 1
5796 3831 1
4815 7752 1
4815 5277 1
4025 3542 1
4025 3092 1
4025 3083 1
4025 7806 1
4025 3486 1
4025 2858 1
4877 4476 1
5838 4359 1
5838 6042 1
5838 7794 1
1343 5477 1
1343 1912 1
6285 889 1
6285 1711 1
6285 2606 1
6285 5081 1
8133 7478 1
8133 7518 1
2499 889 1
2499 3537 1
2499 4077 1
2499 801 1
2499 4667 1
2499 5477 1
2499 5081 1
6309 4253 1
6309 7048 1
6309 879 1
6309 2425 1
5228 5484 3
5228 2547 2
5228 5599 2
5228 6514 2
5228 4126 2
5691 6643 1
5691 7794 1
7468 3367 2
7468 4628 2
7468 437 2
7468 3501 2
3958 4440 2
3958 4628 2
3958 8065 1
4511 551 2
3646 6423 2
3646 2389 2
3646 5173 2
3646 493 2
3646 7199 2
3646 7806 2
3646 3320 2
3646 1863 2
3646 348 2
3646 6009 2
3646 4794 2
3646 5477 2
3646 6076 2
3646 889 2
5535 4720 1
5244 2505 2
5244 8196 2
3989 1576 2
3989 7988 2
3989 7532 2
3989 3083 2
3989 889 2
3989 1558 2
3989 4910 2
3989 2505 2
3463 889 2
3463 5074 2
3463 7199 2
2629 4253 1
3983 7138 1
8173 3320 2
2086 540 1
2086 4794 1
2086 3019 1
2086 417 1
2086 3802 1
2086 5971 1
2086 676 1
2086 4101 1
2086 5813 1
2086 5984 1
2086 2455 1
2086 4709 1
2086 736 1
8243 905 2
3013 4229 2
3013 889 2
3013 3501 2
3013 348 2
3013 1542 2
3013 905 2
3013 7532 2
3013 3542 2
3013 5081 2
2226 3233 2
2226 796 2
7487 3136 4
7487 3501 3
5115 5081 2
6311 519 1
6311 4579 1
3887 5248 3
3887 3525 3
3887 1542 3
3887 446 3
3887 4246 3
3887 6895 3
3887 3577 3
3887 3136 2
6366 493 2
6366 5074 1
6366 2751 1
6366 5108 1
4408 5433 2
4408 4383 2
4408 1700 2
4408 4003 2
899 3320 1
4022 4284 1
1248 7532 2
1248 1558 2
6230 1558 1
5124 5530 2
5124 4642 1
2809 5208 1
2809 1212 1
2809 347 1
940 5136 1
940 3486 1
2117 2532 1
2117 3054 1
5926 7196 1
4706 2195 2
4706 8069 2
4706 4628 2
6328 5415 3
6328 7808 3
6328 4229 3
6328 2195 3
2494 7478 1
7988 3989 2
1986 3571 1
7285 1301 3
7285 1542 3
7285 4628 3
7285 7009 3
7285 3129 2
7285 3767 1
7285 2824 1
7548 3542 1
7548 7752 1
7548 1194 1
7548 3758 1
7548 6643 1
7548 5255 1
7548 4101 1
7548 250 1
7548 3835 1
7548 4815 1
7548 1863 1
7548 374 1
1979 4910 1
596 1178 3
596 7011 3
319 5433 4
319 5241 4
319 7009 4
319 4476 4
319 3350 4
319 3501 4
5859 899 1
5859 4525 1
5149 2935 4
7052 3052 11
7052 2195 5
8434 3501 6
8434 1636 6
3480 4229 6
3480 6196 6
6244 3525 4
6244 3835 1
6244 5316 1
672 2935 5
672 329 5
2974 7953 1
5354 5241 8
7185 7374 7
944 7374 7
2608 6159 7
5132 4409 1
5424 3784 8
3124 7325 8
8136 5131 9
2669 540 1
5657 3136 9
304 5914 9
304 4712 9
304 1895 9
304 1961 9
304 4229 9
5131 5914 9
5131 6196 9
3972 2582 1
3972 4148 1
3972 1153 1
3972 3525 1
4244 2195 11
4244 3847 10
5494 8227 10
5494 6196 10
5494 7473 10
5494 7973 10
5494 7846 10
3591 5415 10
3591 8227 10
3591 6042 10
3591 6196 10
4154 7473 10
4154 3514 10
4154 6527 10
4154 8227 10
4154 5136 10
4154 3052 10
4154 2195 10
4154 7846 10
4154 8002 10
765 5208 1
5337 5173 11
5337 905 11
4878 2275 2
4878 2389 1
4532 3233 2
4532 391 2
4532 8189 1
4532 4077 1
4532 3320 1
4532 4476 1
4532 4667 1
4532 4253 1
4532 3525 1
4532 5433 1
4532 624 1
4532 3907 1
4532 3136 1
4532 3537 1
4532 2569 1
4532 1711 1
4532 5173 1
4532 4794 1
4532 5081 1
4532 6453 1
6129 3136 2
6129 104 2
6129 5208 2
6129 1770 2
6129 6009 2
6129 348 2
6129 889 1
6129 8196 1
7752 3320 1
7752 7806 1
7752 3136 1
7752 7548 1
7752 5255 1
7752 250 1
7752 4815 1
7752 2107 1
7752 8057 1
3643 2104 1
3643 3136 1
3643 186 1
3643 7254 1
3643 3274 1
3643 6368 1
3643 1912 1
3643 4212 1
3643 1473 1
3643 3908 1
3643 2285 1
3643 7518 1
3643 6246 1
3656 7655 1
2618 6307 1
2618 7048 1
2618 3274 1
2618 5594 1
2618 4438 1
2618 3908 1
2618 4735 1
2618 2455 1
2618 7596 1
4632 2482 2
4632 6886 2
4632 4147 1
4632 4343 1
4632 348 1
4632 5825 1
4632 2104 1
206 4253 1
206 4409 1
206 742 1
206 2606 1
206 7254 1
206 3486 1
206 6536 1
206 1454 1
206 374 1
206 2972 1
8226 4383 1
8226 940 1
8226 3992 1
8226 3438 1
8226 554 1
3571 1872 3
3571 3542 1
3571 3525 1
3571 4053 1
3571 5628 1
3571 7806 1
3571 4345 1
3571 5222 1
3571 1986 1
3571 3320 1
3571 2104 1
2458 4253 1
2458 250 1
2458 789 1
4579 519 1
4579 394 1
4579 3231 1
4579 3481 1
6307 2824 1
6307 1153 1
6307 3525 1
6307 540 1
6307 4709 1
6307 7596 1
5984 4294 1
5984 2455 1
5984 4709 1
5984 2669 1
5818 4739 1
3908 4503 1
3908 4253 1
3908 4409 1
3908 4432 1
3908 1452 1
3908 7478 1
3908 2606 1
3908 755 1
3908 5208 1
3908 250 1
3908 3755 1
3908 3643 1
3908 2618 1
3908 6876 1
3908 903 1
3908 557 1
3908 280 1
3908 3092 1
2285 4503 1
2285 3643 1
2285 903 1
4101 3525 1
4101 7478 1
4101 5720 1
4101 2086 1
5430 3992 1
5430 6635 1
5430 8057 1
3213 4397 1
3213 7478 1
3213 347 1
656 4253 1
771 7806 1
771 4397 1
771 3542 1
771 3438 1
264 2569 1
264 3962 1
4823 676 1
4823 7254 1
4823 5594 1
4823 1153 1
4823 4739 1
4823 280 1
4823 382 1
2141 1630 1
7065 3486 1
5528 4123 1
5528 872 1
1535 8189 1
1535 2104 1
1535 2532 1
1535 5173 1
1535 597 1
1535 2569 1
1535 4352 1
1535 4345 1
2245 4316 1
6744 4229 1
4525 4229 1
4525 899 1
4525 5859 1
193 4229 1
7801 6244 1
2075 4284 1
2075 1969 1
1711 6285 1
1711 4532 1
7011 3656 1
7011 5477 1
7011 986 1
7011 5691 1
7011 3016 1
7011 4294 1
7011 133 1
7011 7655 1
7011 596 1
6988 5528 1
6988 2890 1
8407 4253 1
883 2104 1
883 4794 1
883 7794 1
883 5477 1
883 4147 1
883 7669 1
1635 2606 1
1635 5208 1
1635 437 1
1915 4409 1
1915 4560 1
3396 3525 1
6119 878 1
2329 8204 1
2329 7669 1
4148 2344 1
4148 280 1
4148 5208 1
4148 3525 1
4148 1153 1
4148 3972 1
4148 2582 1
4555 3320 1
4555 2586 1
4555 7121 1
4555 5054 1
4555 3486 1
4555 4983 1
4555 3790 1
1178 1700 2
1178 905 1
1178 596 1
356 4639 2
356 7478 1
356 5575 1
2897 1153 1
2897 540 1
2897 2798 1
5718 7138 1
417 348 1
7202 752 1
7202 6635 1
7202 280 1
4547 2104 1
4547 6755 1
5254 1264 1
5254 3962 1
5254 4457 1
6796 4397 1
6796 437 1
6330 7806 1
6330 4983 1
4831 7806 1
4284 4397 1
4284 4794 1
4284 4022 1
4284 3320 1
4284 4875 1
4284 1969 1
5855 3389 1
5855 3525 1
3524 3525 1
3524 5104 1
6024 4794 1
6024 6219 1
4212 5208 1
4212 3643 1
3172 133 1
3172 4316 1
7802 837 1
7802 2972 1
7802 4316 1
7802 133 1
7802 280 1
133 837 1
133 3172 1
133 4316 1
133 7802 1
736 2606 1
736 4294 1
736 2455 1
736 7596 1
736 4709 1
736 945 1
3019 5971 1
3019 2455 1
3019 5984 1
3019 4709 1
3155 2567 1
4131 7207 1
4343 5477 1
4343 4147 1
4343 4632 1
2523 4253 1
5795 3509 1
5383 5813 1
7223 8080 1
415 4709 1
4503 5850 1
4503 2270 1
4503 3180 1
4503 2285 1
2727 4370 1
2727 8198 1
2727 8057 1
2727 280 1
3042 7725 4
3042 6743 1
3042 3883 1
5821 283 1
957 5821 1
957 283 1
957 3330 1
283 5821 1
283 957 1
283 7580 1
3663 8214 1
3663 5905 1
2972 837 1
2972 7802 1
4070 2244 1
7953 2974 1
3231 519 1
3231 4579 1
3231 3481 1
4720 5535 1
4875 3563 1
4875 4284 1
4875 1969 1
1969 4875 1
8302 2751 1
4559 4022 1
4123 5528 1
4123 872 1
4642 5124 1
3824 4797 1
3330 957 1
