3689 7353 8
6617 2854 7
6617 617 3
8097 7556 6
8097 8097 6
2832 3689 2
2195 2034 4
2195 4954 3
2195 3554 3
5520 6617 3
5520 2129 3
3907 617 3
3907 3554 2
3907 6617 2
3907 6488 2
2129 2832 8
3641 3689 3
3641 6108 1
3554 474 4
3554 2502 3
3554 2195 3
3554 2278 2
3554 4314 2
4623 8468 2
4623 4138 2
7478 2034 4
7478 3641 1
6108 7636 1
6108 5397 1
6108 3641 1
6108 3907 1
8283 4463 1
8283 3390 1
2557 7592 2
4616 8130 1
7089 7556 3
1860 8480 6
7774 6108 1
195 6824 1
8345 617 6
8345 2034 5
8130 1534 2
8130 3882 2
8130 5845 1
4873 2195 4
4873 1098 1
4873 1364 1
7756 2034 3
7140 4954 2
617 3907 3
617 6617 2
2239 3554 3
3088 6617 3
3088 3689 3
3088 7636 2
3088 1997 1
7345 7636 2
7345 3689 2
5592 3554 2
5904 7478 2
3874 4314 2
3874 5319 2
5752 8480 7
8074 250 1
3339 8283 3
4601 8130 2
6548 8480 7
2089 6617 5
2089 809 2
7739 8130 1
8011 850 1
1534 8130 2
2387 8130 1
7892 8156 1
7892 785 1
7063 7636 2
7063 16 1
7063 1364 1
7063 1554 1
4314 4314 2
4314 3554 2
3390 8283 1
3390 5971 1
3390 3042 1
3390 6001 1
3390 2832 1
103 3874 1
103 3914 1
103 2688 1
103 5309 1
103 1618 1
103 6001 1
103 5981 1
8190 5845 1
8190 2832 1
7480 3874 3
7480 6617 3
474 3554 4
5421 6617 4
16 1554 1
809 809 2
7577 1364 1
7577 1728 1
8137 6617 3
8137 3554 3
8137 4954 3
1728 6617 3
1728 7577 1
8485 6617 3
2876 4954 5
2357 5023 1
5813 1364 1
850 6617 2
850 3554 2
850 7636 2
850 2195 2
850 4954 2
850 8011 1
1554 7636 2
1554 3689 2
1554 8283 1
1554 3402 1
1554 5309 1
1554 7063 1
1364 5508 1
1364 3907 1
1364 7517 1
1364 5655 1
2646 1997 1
2646 2637 1
2646 5397 1
8292 5397 1
8292 5933 1
5397 2104 1
5397 7478 1
5397 250 1
5397 8292 1
5397 2832 1
6231 3641 1
6231 8292 1
6231 3914 1
5309 2104 1
5309 4815 1
5309 409 1
5309 1329 1
5309 5559 1
5309 7137 1
5309 3454 1
5309 1527 1
5348 1364 1
2593 6617 4
7427 2195 4
5628 4843 1
5628 3874 1
5628 2104 1
5628 1364 1
4954 2195 5
4954 2876 5
4954 8137 3
4954 6674 3
4954 2502 3
4954 7636 3
4954 4314 2
4954 850 2
4954 5319 2
2502 4954 3
2502 3554 3
4534 8480 3
4534 3554 3
4534 2195 3
2278 4314 2
2278 3554 2
2854 6223 8
2854 8480 7
2854 6617 7
1618 6617 2
1618 3641 2
1618 809 2
1618 3958 2
1618 7636 2
1618 7556 2
1618 4314 2
1098 4975 1
4755 629 1
2688 3513 1
1941 3689 2
6755 1364 1
5319 3874 2
5933 8292 1
6389 6600 1
250 8283 1
5655 6389 2
6665 6488 6
6665 5814 6
2637 8468 1
5814 6665 6
8468 4623 2
8468 2637 1
567 7636 3
4493 5397 1
4493 6001 1
4138 3907 2
8400 809 1
1594 236 4
236 3689 3
7353 3689 5
6600 1300 1
6600 822 1
6876 8292 1
1047 6876 1
1047 2832 1
1076 250 1
1076 2780 1
1076 4964 1
2609 250 1
3513 2688 1
3513 1491 1
6048 1604 1
5053 3390 1
5053 1812 1
6674 6108 1
1812 5053 1
4843 5628 1
4843 1364 1
4463 8283 1
3006 1582 1
6537 2646 1
6537 5397 1
6537 2790 1
6537 1997 1
6537 3882 1
6537 4843 1
1722 5309 1
5675 2832 2
1932 7892 1
1932 3641 1
5435 2321 1
5845 8130 1
3665 8130 1
3914 5971 1
5971 3914 1
5971 3390 1
5559 5309 1
5559 2104 1
5559 5981 1
3402 1554 1
6001 8283 1
6001 103 1
6001 2832 1
5508 7636 2
5508 7063 1
5508 6108 1
7787 7636 1
7787 2104 1
2952 2557 2
7656 5845 1
1491 2089 1
8241 822 1
1604 8283 1
1604 3874 1
1604 2104 1
1604 3513 1
1604 6048 1
4815 5309 1
4815 1329 1
7592 2557 2
1361 1364 1
1361 1618 1
1361 3513 1
6824 195 1
5476 7147 1
999 2034 4
1809 2780 1
6089 1860 7
6089 7353 7
6089 8480 6
6089 7636 6
6089 6665 6
6089 8097 6
304 785 9
304 2129 9
304 2832 9
2033 2034 9
3609 3914 1
2051 1361 1
6894 2104 1
513 1997 1
5981 3874 1
5981 103 1
5981 5559 1
822 6600 1
7137 5309 1
7137 1329 1
7137 3454 1
1329 4815 1
1329 5309 1
1329 7137 1
1329 3454 1
3042 3390 1
1527 5309 1
409 5309 1
1582 3006 1
3454 5309 1
3454 7137 1
