2072 2119 11
2072 308 10
2072 3487 10
2072 501 7
2072 1104 7
2072 7745 6
2072 3356 6
2072 2837 6
2072 889 5
2072 7297 4
2072 46 4
2072 1680 4
2072 4073 3
2072 2072 3
2072 6027 3
2072 187 2
2072 1113 2
2072 7264 2
2072 3976 1
2072 3682 1
2084 8010 10
2084 308 10
2084 3487 9
2084 2178 7
2084 4548 6
2084 6296 6
2084 2879 6
2084 8238 5
2084 7335 5
2084 6269 5
2084 3223 5
2084 1710 5
2084 5241 4
2084 8259 4
2084 2330 4
2084 3356 4
2084 5136 4
2084 942 3
6269 7187 7
6269 2119 7
6269 7325 7
6269 7745 7
6269 3924 7
6269 322 7
6269 2991 6
6269 2837 6
6269 7878 6
6269 3356 6
6269 7335 6
6269 7264 6
6269 1104 6
6269 3702 6
6269 4380 6
6269 4548 5
6269 2697 5
6269 7420 5
6269 5412 5
6269 5241 5
6269 2084 5
6269 7297 5
7297 1027 6
7297 8061 6
7297 4548 5
7297 6269 5
7297 3278 5
7297 6628 5
7297 3542 4
7297 1205 4
7297 6296 4
7297 3356 4
7297 8010 4
7297 2072 4
7297 3554 4
7297 46 4
7297 4285 4
7297 2041 4
7297 7745 4
7297 2404 4
7297 2833 4
1027 1308 1
1027 3209 1
1027 2815 1
1027 3507 1
1027 815 1
1027 28 1
4285 8439 9
4285 1861 8
4285 1308 7
4285 4479 7
4285 7187 7
4285 2702 7
4285 7325 7
4285 2283 7
4285 7008 7
4285 2119 7
4285 1065 7
4285 4548 6
4285 7686 5
4285 4380 5
4285 1104 5
4285 3239 5
4285 6628 5
4285 2837 5
4285 1430 5
4285 6792 5
4285 129 4
4285 1988 4
4285 1285 4
4285 1205 4
4285 46 4
4285 7978 4
4285 7745 4
4285 8259 4
4285 5473 4
4285 8010 4
4285 4050 4
4285 329 4
4285 4549 4
4285 6090 4
4285 3542 4
4285 7297 4
4285 7409 4
4285 3278 4
4285 3356 4
4285 2833 4
4285 7335 3
4285 8069 3
4285 6296 3
4285 2330 3
4285 5241 3
4285 2404 3
4285 473 3
4285 6420 3
4285 8061 3
4285 942 3
4285 3487 3
4285 1720 3
4285 3295 3
4285 6280 3
4285 1226 3
4285 5380 3
4285 2255 3
4285 2263 3
4285 4774 3
4285 5922 3
4285 13 3
4285 2178 3
4285 2879 3
4285 7326 3
4285 8404 3
4285 7264 3
4285 6027 3
4285 5081 3
4285 4385 3
4285 3830 3
4285 3554 3
4285 3223 3
4285 2942 3
4285 2041 3
4285 889 3
5241 1430 9
5241 2702 7
5241 2178 6
5241 6269 5
5241 4380 5
5241 28 5
5241 2837 5
5241 8259 5
5241 3223 4
5241 2084 4
5241 1205 4
5241 46 4
5241 6280 4
5241 8201 3
5241 2330 3
5241 2263 3
5241 4285 3
5241 5081 3
5241 1720 3
5241 4548 3
5241 942 3
5241 7335 3
5241 1258 3
7008 2837 11
7008 2119 11
7008 4050 11
7008 8010 10
7008 1430 10
7008 308 10
7008 7846 9
7008 8439 9
7008 6565 9
7008 7004 9
7008 3223 8
7008 2178 8
7008 942 8
7008 6296 7
7008 7878 7
7008 4285 7
7008 7264 7
7008 4774 7
7008 941 7
7008 8061 7
7008 7325 7
7008 7978 6
7008 2556 6
7008 7326 6
7008 46 5
942 2832 8
942 3223 8
942 7502 8
942 7792 5
942 2104 5
942 3486 5
942 6338 5
942 8062 5
942 4409 5
942 6269 5
942 5932 5
942 5081 4
942 5136 4
942 8201 4
942 1205 4
942 1244 4
942 1988 4
942 8259 4
942 621 4
942 8010 4
942 942 4
942 2702 4
942 7478 4
942 3542 4
942 4285 4
942 6777 4
942 8069 4
942 559 3
942 6296 3
942 2084 3
942 5241 3
942 4549 3
942 1383 3
942 2263 3
942 3295 3
942 2178 2
942 7760 2
942 7004 2
942 2330 2
942 473 2
942 6644 2
942 8238 2
942 7335 2
942 2283 2
942 297 2
942 8129 2
942 1187 2
942 1720 2
942 5995 2
942 7973 2
942 28 1
942 3075 1
942 2041 1
942 6090 1
942 1139 1
942 5054 1
942 385 1
942 3487 1
942 2942 1
942 4772 1
942 7437 1
942 2373 1
942 2867 1
5136 4050 11
5136 2119 11
5136 308 10
5136 6296 5
5136 7004 4
5136 2084 4
5136 7760 4
5136 942 4
5136 1430 3
5136 889 3
5136 3223 2
3223 8439 9
3223 8289 9
3223 7502 9
3223 7004 9
3223 4526 9
3223 5997 9
3223 6457 8
3223 7760 8
3223 1104 8
3223 753 7
3223 7187 7
3223 6565 7
3223 4820 7
3223 2832 7
3223 7978 7
3223 7008 7
3223 4479 7
3223 7878 7
3223 2119 7
3223 2556 7
3223 7325 7
3223 2755 6
3223 8039 6
3223 7183 6
3223 3427 6
3223 6628 6
3223 1720 6
3223 2404 6
3223 6644 5
3223 7710 5
3223 195 5
3223 8062 5
3223 1285 5
3223 4774 5
3223 28 5
3223 1988 5
3223 5241 4
3223 1244 4
3223 8259 4
3223 2867 4
3223 621 4
3223 2034 4
3223 6777 4
3223 308 4
3223 2084 4
3223 3356 4
3223 6122 4
3223 7745 4
3223 46 4
3223 3542 4
3223 2178 4
3223 3295 4
3223 297 4
3223 2837 4
3223 559 3
3223 5136 3
3223 4285 3
3223 7264 3
3223 7335 3
3223 4548 3
3223 2330 3
3223 3830 3
3223 7672 3
3223 2697 2
3223 391 2
3223 13 2
3223 2041 2
3223 501 2
3223 1187 2
3223 2879 2
3223 2283 2
3223 4623 2
3223 889 1
3223 942 1
3223 549 1
3223 2942 1
3223 2858 1
3223 6357 1
3223 473 1
3223 8238 1
3223 7503 1
4774 4820 11
4774 7541 11
4774 2269 10
4774 2119 10
4774 2813 9
4774 7878 9
4774 7760 9
4774 4479 9
4774 1308 9
4774 5997 8
4774 7008 7
4774 7978 6
4774 2879 4
4774 7217 4
4774 2263 3
4774 4285 3
4774 2283 3
4774 2404 2
4774 501 2
4774 3830 2
4774 473 1
6357 3223 3
6357 5433 3
889 8039 6
889 7151 5
889 7745 5
889 3356 5
889 2072 5
889 8259 5
889 529 5
889 2837 4
889 329 4
889 2330 4
889 4050 4
889 473 3
889 2263 3
889 3295 3
889 308 3
889 4548 3
889 5136 3
889 7335 3
889 4285 2
889 1226 2
889 3830 2
889 1187 2
889 7004 2
889 5932 2
889 2041 2
889 2283 2
889 3223 1
889 6090 1
889 13 1
889 7264 1
889 5081 1
7264 7473 10
7264 4774 10
7264 308 10
7264 8158 9
7264 4050 8
7264 7745 8
7264 3356 8
7264 7760 7
7264 8010 7
7264 753 7
7264 7187 7
7264 2178 7
7264 7004 7
7264 10 7
7264 6565 7
7264 143 7
7264 2119 7
7264 7008 7
7264 7878 7
7264 2755 7
7264 2832 7
7264 941 7
7264 7503 7
7264 1557 7
7264 501 7
7264 4969 7
7264 2084 7
7264 7335 7
7264 7325 7
7264 6269 6
7264 1430 6
7264 7409 3
7264 2697 3
7264 3427 3
7264 6296 3
7264 5922 3
7264 6582 3
7264 1065 3
7264 1104 3
7264 473 3
7264 1187 2
7264 3295 2
7264 2072 2
7264 2283 2
7264 889 1
7264 4285 1
7264 7653 1
7264 3223 1
7264 13 1
1187 2942 3
1187 8404 3
1187 7760 3
1187 2879 2
1187 1943 2
1187 1790 2
1187 7264 2
1187 4385 2
1187 942 2
1187 308 2
1187 3830 2
1187 889 2
1187 768 1
1187 2867 1
7004 2791 10
7004 2119 10
7004 4820 10
7004 7502 10
7004 3746 10
7004 308 9
7004 7878 9
7004 3223 9
7004 7760 9
7004 7264 7
7004 7325 6
7004 7745 6
7004 2837 5
7004 5136 4
7004 942 2
7004 3295 2
7004 889 2
7004 7653 2
7004 2281 1
7004 2998 1
4548 4285 6
4548 6269 5
4548 8201 4
4548 28 4
4548 3356 4
4548 889 3
4548 7760 3
4548 3223 3
4548 1720 2
4548 6090 2
4548 3487 2
4548 2879 2
4548 5081 2
4548 4827 1
3356 7973 9
3356 2104 8
3356 7503 8
3356 2702 8
3356 8039 8
3356 3542 8
3356 672 8
3356 7264 8
3356 3924 8
3356 3295 8
3356 7538 8
3356 2119 8
3356 7502 8
3356 7760 8
3356 6565 8
3356 7187 8
3356 2697 7
3356 5064 7
3356 2072 6
3356 4238 6
3356 6628 6
3356 3554 6
3356 7478 6
3356 1720 6
3356 1285 5
3356 6280 5
3356 8010 5
3356 329 5
3356 7710 5
3356 3263 5
3356 8061 5
3356 2330 5
3356 6767 5
3356 7368 5
3356 1244 5
3356 7374 5
3356 8238 5
3356 6269 5
3356 889 5
3356 1104 5
3356 2283 5
3356 6338 5
3356 7745 5
3356 1430 5
3356 4409 5
3356 7985 5
3356 5412 5
3356 7325 5
3356 8284 5
3356 3527 5
3356 941 5
3356 3239 5
3356 8259 5
3356 6296 4
3356 1988 4
3356 2025 4
3356 3050 4
3356 7335 4
3356 7297 4
3356 3278 4
3356 5922 4
3356 7409 4
3356 4548 4
3356 2084 4
3356 3223 1
3356 4380 1
3356 4285 1
7335 2119 10
7335 7973 9
7335 8289 9
7335 6296 9
7335 3746 9
7335 6457 8
7335 753 8
7335 2702 8
7335 5354 7
7335 2932 6
7335 2084 5
7335 1205 4
7335 7297 4
7335 7869 4
7335 3356 4
7335 2330 4
7335 3223 3
7335 1720 3
7335 8129 3
7335 7672 3
7335 889 3
7335 1187 2
7335 6034 2
7335 2879 2
7335 942 2
7335 2041 2
7335 943 2
7335 4285 2
7335 7567 2
7335 4385 2
7335 7503 1
7335 473 1
7335 7264 1
7335 3487 1
7335 13 1
7335 624 1
7335 5369 1
7760 4050 11
7760 7502 10
7760 7503 10
7760 4774 9
7760 7004 9
7760 1308 9
7760 1187 9
7760 4526 8
7760 559 8
7760 969 8
7760 2697 8
7760 2932 8
7760 812 8
7760 7745 8
7760 4969 8
7760 3223 8
7760 1104 8
7760 6565 8
7760 7187 7
7760 7264 7
7760 549 5
7760 4548 3
7760 8049 3
7760 2330 3
7760 3887 3
7760 5136 2
7760 942 2
7760 2793 2
6296 2084 9
6296 7008 8
6296 753 8
6296 4548 7
6296 7878 6
6296 1710 5
6296 6338 5
6296 2837 5
6296 5136 5
6296 1680 4
6296 3356 4
6296 46 4
6296 4285 3
6296 942 3
6296 7264 3
2041 7297 4
2041 6122 4
2041 1720 3
2041 4285 3
2041 549 3
2041 13 3
2041 4385 3
2041 2879 2
2041 4774 2
2041 473 2
2041 3223 2
2041 7840 2
2041 2404 2
2041 2867 2
2041 4623 2
2041 2283 2
2041 5172 2
2041 3842 2
2041 3830 2
2041 7335 2
2041 889 2
2041 8238 2
2041 942 1
2041 2942 1
1104 2837 11
1104 7567 9
1104 7973 9
1104 308 9
1104 2813 9
1104 4452 9
1104 8289 9
1104 8158 9
1104 5131 9
1104 1308 9
1104 2879 9
1104 2281 8
1104 7503 8
1104 5997 8
1104 4050 8
1104 2697 8
1104 4409 8
1104 4820 8
1104 7745 8
1104 2104 8
1104 6582 8
1104 3924 8
1104 1033 8
1104 7760 8
1104 753 8
1104 7878 8
1104 3223 8
1104 7187 8
1104 6565 8
1104 2119 7
1104 8010 7
1104 143 7
1104 4479 7
1104 3232 7
1104 7008 7
1104 4238 7
1104 2072 7
1104 4969 6
1104 6269 6
1104 2178 6
1104 3356 5
1104 1430 5
1104 6280 5
1104 2404 1
1104 6469 1
1104 4285 1
1104 7264 1
1104 7968 1
7890 2697 6
7890 2072 5
7890 473 4
7890 6005 4
7890 7966 1
7890 6177 1
7890 5473 1
46 4774 5
46 2084 5
46 6280 5
46 7297 5
46 13 4
46 7745 4
46 329 4
46 2503 4
46 7978 4
46 4285 4
46 1680 4
46 7686 4
46 5241 4
46 2697 4
46 7478 4
46 2072 4
46 6296 4
46 3223 4
46 5433 4
3830 4050 7
3830 2879 3
3830 4285 3
3830 4385 3
3830 1720 3
3830 1790 2
3830 473 2
3830 889 2
3830 4774 2
3830 3487 2
3830 1187 2
3830 2041 2
3830 2283 2
3830 6582 1
3830 5081 1
6090 7653 2
6090 1975 2
6090 5433 2
6090 2942 2
6090 7326 2
6090 3554 2
6090 4285 2
6090 1790 2
6090 7264 2
6090 4548 2
6090 6469 2
6090 2404 2
6090 5081 2
6090 7968 1
6090 1308 1
6090 889 1
6090 5369 1
6090 815 1
6090 1027 1
6090 942 1
6090 6357 1
2283 7567 11
2283 8227 10
2283 2813 9
2283 7745 9
2283 4774 9
2283 1308 8
2283 3223 7
2283 3356 6
2283 7978 5
2283 4285 5
2283 2404 5
2283 2263 3
2283 473 3
2283 3295 3
2283 2041 2
2283 7264 2
2283 942 2
2317 889 2
2317 501 2
2317 7797 2
2317 13 1
2317 6582 1
2317 1680 1
2317 3773 1
2317 6579 1
7503 2119 11
7503 7760 11
7503 7846 10
7503 8100 10
7503 2178 10
7503 8289 9
7503 4526 9
7503 7878 9
7503 753 9
7503 7264 8
7503 6565 8
7503 7008 8
7503 1557 7
7503 3223 7
7503 4600 7
7503 1065 7
7503 8238 7
7503 6090 2
7503 2041 1
7503 3547 1
8259 7792 5
8259 8010 5
8259 4380 5
8259 2837 5
8259 941 5
8259 2025 5
8259 3356 5
8259 1988 5
8259 889 5
8259 5241 5
8259 4050 4
8259 2084 4
8259 3223 4
8259 942 4
8259 3278 4
8259 4285 4
8259 7745 4
8259 7985 2
2837 7325 11
2837 5922 11
2837 7008 11
2837 7878 11
2837 2072 6
2837 8010 6
2837 7567 5
2837 7004 5
2837 941 5
2837 1430 5
2837 2786 5
2837 5136 4
2837 6296 4
2837 8259 4
2837 2084 4
2837 4285 4
2702 4285 7
2702 5241 7
2702 7745 4
2702 8404 4
2702 2697 4
2702 3427 4
2702 942 4
2330 28 4
2330 1205 4
2330 7335 4
2330 559 3
2330 2178 3
2330 3295 3
2330 5241 3
2330 2263 3
2330 5433 3
2330 889 3
2330 4285 3
2330 3223 3
2330 5081 3
2330 7760 3
2330 942 2
7878 2832 11
7878 5922 11
7878 2837 11
7878 1430 11
7878 8100 10
7878 7325 10
7878 8010 10
7878 7473 10
7878 3174 10
7878 7973 9
7878 7846 9
7878 8227 9
7878 2755 9
7878 4774 9
7878 308 9
7878 4526 9
7878 7004 9
7878 8289 9
7878 501 9
7878 4050 9
7878 2119 8
7878 1104 8
7878 7187 7
7878 753 7
7878 7008 7
7878 6565 7
7878 1308 7
7878 7264 7
7878 6338 6
7878 6269 6
7878 6296 6
7878 3223 6
6582 1104 2
6582 624 1
6582 3830 1
6582 1065 1
6582 2041 1
6582 7653 1
6582 3682 1
6582 7264 1
6582 8321 1
6582 3075 1
6582 13 1
6582 3547 1
6582 5447 1
6582 7393 1
6582 4600 1
6582 2958 1
3295 6565 11
3295 7008 10
3295 3356 8
3295 3223 4
3295 559 4
3295 2330 3
3295 7409 3
3295 2942 3
3295 3554 3
3295 549 3
3295 4285 3
3295 1226 3
3295 2283 3
3295 942 3
3295 2697 2
3295 11 2
3295 7004 2
3295 7264 2
3295 889 2
3295 4600 2
3487 2084 9
3487 2857 7
3487 4285 1
3487 942 1
473 5167 9
473 2178 6
473 7374 6
473 2034 4
473 2084 4
473 7281 4
473 3278 4
473 297 4
473 7978 4
473 2404 3
473 5433 3
473 4600 3
473 4285 3
473 1720 3
473 2263 3
473 549 3
473 889 3
473 2283 3
473 473 3
473 7264 3
473 2697 2
473 8069 2
473 969 2
473 3842 2
473 4385 2
473 2041 2
473 942 2
473 3830 2
473 1194 2
473 287 1
473 3223 1
473 7335 1
473 6036 1
473 8189 1
473 2942 1
473 4774 1
473 13 1
473 4320 1
473 6393 1
5081 7335 3
5081 942 3
5081 4549 3
5081 6469 3
5081 4548 3
5081 624 2
5081 3830 1
5081 3487 1
5081 6090 1
5081 4285 1
5081 889 1
5081 768 1
5081 104 1
5081 3223 1
5081 7264 1
5081 4050 1
308 6565 11
308 8100 10
308 6296 10
308 3295 10
308 8227 10
308 1410 10
308 1205 10
308 3174 10
308 7502 10
308 969 10
308 1430 10
308 3487 10
308 8010 9
308 7890 9
308 5136 9
308 7846 9
308 2034 9
308 2813 9
308 7973 9
308 7335 9
308 7325 9
308 7503 9
308 7004 9
308 2072 9
308 2119 9
308 7878 9
308 5997 9
308 5922 9
308 2084 9
308 1308 9
308 7567 9
308 7008 9
308 2178 9
308 3223 4
2556 1636 8
2556 7567 7
2556 7008 7
2556 2378 7
2556 8010 6
2556 6628 6
2556 6280 5
2556 3278 5
2556 1205 5
2556 7890 5
2556 329 5
2556 195 5
2556 1430 5
2556 7325 5
2958 3223 1
2958 8300 1
2958 4336 1
2958 1410 1
2958 6582 1
2958 3075 1
2958 7151 1
2958 7393 1
2832 7878 11
2832 7503 11
2832 7567 8
2832 942 8
2832 4820 8
2832 7502 8
2832 7187 8
2832 3223 7
2832 5241 7
2832 2178 7
2832 7335 7
2832 7264 1
8404 2084 8
8404 46 7
8404 3487 7
8404 7978 6
8404 2330 4
8404 2702 4
8404 7710 4
8404 2879 4
8404 5922 3
8404 5380 3
8404 3554 3
8404 1187 3
8404 5081 3
8404 6036 3
8404 3830 3
8404 7243 3
8404 5525 3
8404 4285 3
8404 8049 3
3542 1204 8
3542 3356 8
3542 7264 8
3542 7503 8
3542 2832 7
3542 7335 4
3542 4548 4
3542 942 2
3542 4285 1
3542 3223 1
1680 7297 6
1680 6005 4
1680 3427 4
1680 6296 4
1680 46 4
1680 2072 4
1680 6514 2
1680 7567 2
1680 6641 2
1680 1410 1
1680 7326 1
768 7567 5
768 5433 5
768 549 5
768 4548 5
768 8062 5
768 2867 5
768 8259 5
768 6628 5
768 6296 4
768 942 4
768 2072 2
768 2317 2
768 4409 2
768 7454 2
768 2231 2
768 889 2
768 2793 2
768 2879 2
768 7653 1
768 624 1
768 3087 1
768 501 1
768 484 1
768 1975 1
768 1187 1
768 6036 1
768 955 1
768 7984 1
768 5369 1
768 5573 1
768 110 1
768 873 1
768 5081 1
768 7264 1
768 2998 1
768 4285 1
768 1590 1
768 612 1
768 3773 1
768 1779 1
768 1707 1
768 2104 1
4363 942 5
4363 308 3
4363 624 1
6469 2178 7
6469 1104 3
6469 7886 2
6469 2404 2
6469 3273 2
6469 2147 1
6469 2942 1
6469 1555 1
2867 753 7
2867 2697 5
2867 8238 2
2867 4380 1
2867 1226 1
2867 2942 1
2867 3223 1
2867 1187 1
2867 942 1
7325 7878 10
7325 6565 9
7325 6469 8
7325 7187 8
7325 7008 8
7325 6269 7
7325 2072 7
7325 7264 7
7325 2178 7
7325 7890 6
7325 2697 6
7325 2404 6
7325 3223 6
7325 3842 6
7325 7004 6
7325 1430 5
7325 3356 5
7325 2556 5
7325 7978 5
7325 473 5
7325 1018 5
7325 8259 5
7325 7745 5
7325 6280 5
7325 329 5
7325 889 5
7325 8039 5
7325 6628 5
7325 1636 5
7325 942 5
7325 1205 4
7325 7297 4
7325 3278 4
7325 4285 4
7325 5922 4
7325 2879 4
2263 1205 4
2263 2034 4
2263 2404 4
2263 7978 4
2263 4600 3
2263 5241 3
2263 2178 3
2263 2879 3
2263 2330 3
2263 4285 3
2263 3223 3
2263 889 3
2263 2942 3
2263 473 3
2263 1226 3
2263 2283 3
2263 942 3
2263 4774 3
2178 4549 9
2178 7008 9
2178 2119 9
2178 3223 4
2178 2404 4
2178 4285 3
2178 6469 3
2178 2833 3
2178 3842 3
2178 942 3
2178 2879 2
7567 308 9
7567 2283 9
7567 2556 6
7567 8061 5
7567 7321 2
7567 7335 2
7567 2998 1
8238 2755 7
8238 3356 4
8238 1187 2
8238 5785 2
8238 942 2
8238 2283 2
8238 6457 2
8238 2793 2
8238 5995 2
8238 2041 2
8238 2942 2
8238 3223 1
8238 4623 1
8238 391 1
8238 2867 1
8238 2885 1
8238 4600 1
5433 2404 4
5433 2034 4
5433 7978 4
5433 5433 3
5433 1065 3
5433 3547 3
5433 3223 2
5433 3584 2
5433 6090 2
5433 4600 2
5433 6357 1
6628 2404 6
6628 2556 6
6628 6269 6
6628 2025 6
6628 3356 6
6628 7297 5
6628 2263 5
6628 2330 4
6628 1383 4
6628 8010 4
6628 942 4
6628 3223 4
6628 4285 4
624 3487 2
624 7102 1
624 1975 1
624 5369 1
624 889 1
624 768 1
624 3830 1
624 2025 1
624 7335 1
624 6582 1
624 13 1
624 104 1
2404 1861 9
2404 2119 9
2404 6380 9
2404 6565 8
2404 7325 8
2404 5997 8
2404 8061 7
2404 3223 6
2404 1308 6
2404 3427 6
2404 7978 6
2404 2283 6
2404 2178 5
2404 1205 5
2404 2034 4
2404 2263 4
2404 473 4
2404 2041 2
2404 2879 2
2404 4285 2
2404 6237 2
2404 4600 2
2404 3708 2
2404 6469 2
2404 3842 1
2404 4774 1
2404 1104 1
2404 1555 1
7502 7335 11
7502 8100 10
7502 8010 10
7502 7760 10
7502 969 10
7502 7004 10
7502 8227 9
7502 4050 9
7502 3223 9
7502 4549 9
7502 5281 9
7502 2119 8
7502 7008 8
7502 501 8
7502 6565 8
7502 3356 8
1194 7478 4
1194 4774 3
1194 473 2
1194 3075 1
1194 10 1
1194 2998 1
1194 4380 1
1194 4783 1
1194 2887 1
1975 6090 2
1975 2786 2
1975 7321 2
1975 4692 2
1975 1790 2
1975 889 2
1975 1430 2
1975 624 1
1975 6582 1
1975 13 1
1975 768 1
6122 6332 4
6122 7686 4
6122 8238 4
6122 6777 4
6122 2942 4
6122 2041 4
6122 549 4
6122 3223 4
501 6296 11
501 1680 11
501 2178 11
501 2786 11
501 4774 11
501 2837 11
501 7503 11
501 8100 11
501 2119 11
501 1027 10
501 3746 9
501 8439 9
501 2813 9
501 7973 9
501 8227 9
501 7325 9
501 308 9
501 2755 9
501 7567 9
501 8289 9
501 1308 9
501 3487 9
501 7878 9
501 4969 9
501 4385 9
501 1255 9
501 2404 9
501 6565 8
501 2283 8
501 969 8
501 8010 8
501 2072 7
501 7745 7
501 7008 7
501 7264 7
501 2084 6
501 7326 5
501 942 2
501 3223 2
501 2879 2
8010 8100 10
8010 2084 10
8010 2119 10
8010 7008 10
8010 7878 10
8010 501 9
8010 308 9
8010 1430 9
8010 1104 8
8010 7264 8
8010 7187 8
8010 3356 5
8010 3278 4
8010 7745 4
8010 4285 3
8010 942 1
7326 7008 7
7326 501 5
7326 1680 4
7326 5922 4
7326 4285 3
7326 3554 1
7745 4452 10
7745 8227 9
7745 3174 9
7745 7335 9
7745 8158 9
7745 5794 9
7745 5281 9
7745 6565 9
7745 2283 9
7745 3487 9
7745 2622 9
7745 7502 8
7745 501 8
7745 1104 8
7745 7760 8
7745 941 8
7745 7878 7
7745 2119 7
7745 7503 7
7745 7264 7
7745 6269 7
7745 4969 7
7745 2072 6
7745 7004 6
7745 7325 6
7745 889 5
7745 2837 5
7745 2084 5
7745 5136 5
7745 46 4
7745 1205 4
7745 2025 4
7745 4548 4
7745 4285 4
7745 8259 4
7745 8010 4
7745 2702 4
7745 7409 4
7745 3223 4
7745 7710 4
7745 3356 4
7745 8201 4
7745 7297 4
549 2879 4
549 308 4
549 6122 4
549 3295 3
549 7760 3
549 2178 3
549 2041 3
549 4623 2
549 2942 2
549 3223 1
4385 8061 9
4385 3830 3
4385 4385 3
4385 13 3
4385 2041 3
4385 5433 3
4385 1790 2
4385 4600 2
4385 473 2
4385 2879 2
4385 1187 2
4385 3554 2
4385 889 2
4385 501 2
4385 7335 2
4385 666 1
4385 4285 1
4385 8228 1
7393 1590 3
7393 7567 2
7393 7653 2
7393 889 2
7393 6357 2
7393 6991 1
7393 3704 1
7393 2958 1
5412 2697 5
5412 6269 5
5412 3356 5
5412 4380 5
5412 7282 5
322 6269 6
322 7711 5
322 7297 4
322 46 4
322 8010 4
322 2823 4
322 942 4
6280 1557 7
6280 682 6
6280 7409 6
6280 2879 6
6280 2556 5
6280 3278 4
6280 329 4
6280 8061 4
6280 3554 4
6280 3427 3
6280 5922 3
6280 4285 3
5922 2119 11
5922 2837 11
5922 7878 11
5922 8061 10
5922 682 10
5922 7846 9
5922 7008 9
5922 4050 9
5922 4238 9
5922 3278 5
5922 7325 5
5922 329 4
5922 6280 3
5922 7326 3
5922 8404 3
5922 7264 3
5922 4285 3
5922 969 1
7648 1618 3
7648 2879 3
7648 6357 2
4692 755 2
4692 6090 2
4692 1975 2
4692 1790 2
4692 7454 2
4692 942 2
4692 7085 2
4692 2317 2
4692 2998 2
4692 889 2
4692 2879 2
4692 4827 2
4692 5525 2
4692 6642 2
4692 6619 2
1957 2084 11
1957 2072 11
1957 1957 11
1720 3356 7
1720 2263 3
1720 2041 3
1720 473 3
1720 7335 3
1720 2879 3
1720 2283 2
1720 2942 2
1720 4285 2
1720 3830 2
1720 889 2
1720 4548 2
1720 7973 2
1720 3223 2
1720 5081 2
1720 942 2
4600 4600 4
4600 7978 3
4600 2404 3
4600 5433 3
4600 6914 2
4600 1425 2
4600 3547 1
4600 13 1
287 8069 4
287 1721 2
287 473 1
287 5360 1
287 2858 1
287 7357 1
287 6469 1
287 2942 1
287 529 1
287 2104 1
7978 2283 8
7978 2119 8
7978 5997 8
7978 8061 7
7978 6565 7
7978 3223 7
7978 969 6
7978 7008 6
7978 8404 6
7978 8284 6
7978 2404 6
7978 7282 5
7978 2697 5
7978 329 5
7978 6280 5
7978 4774 5
7978 4050 5
7978 7325 5
7978 6391 5
7978 46 4
7978 4285 4
7978 1255 4
7978 473 4
7978 2034 4
7978 5433 4
7978 13 4
7978 2263 4
7978 4600 3
1308 7473 10
1308 7008 10
1308 8227 9
1308 5997 9
1308 4115 9
1308 308 9
1308 1430 9
1308 5484 9
1308 501 9
1308 1104 9
1308 4820 9
1308 2832 9
1308 7502 9
1308 5922 9
1308 7760 9
1308 2178 9
1308 2072 9
1308 2879 9
1308 2084 9
1308 2283 8
1308 753 8
1308 5420 7
1308 2119 7
1308 1720 7
1308 3223 7
1308 7878 6
1308 7374 6
1308 2697 6
1308 8010 6
1308 2556 6
1308 969 6
1308 8061 6
1308 7869 6
1308 7890 6
1308 888 6
1308 7304 5
1308 2263 5
1308 473 5
1308 4774 5
1308 2404 5
1308 4285 5
1308 7745 5
1308 1205 5
1308 942 2
1308 1226 2
1308 3273 2
1308 3682 2
1308 1410 2
1308 889 2
1308 1707 2
1308 4743 2
1308 2998 2
1308 7612 2
1308 2786 1
1308 3547 1
1308 6090 1
1308 1027 1
1308 1912 1
8061 308 10
8061 7008 8
8061 2697 8
8061 7978 7
8061 8061 7
8061 4238 7
8061 1065 7
8061 8284 6
8061 329 6
8061 7282 5
8061 941 5
8061 7567 5
8061 3356 5
8061 6269 5
8061 7745 4
8061 7297 4
8061 1226 3
8061 6280 3
8061 2263 3
8061 7264 3
8061 4285 3
8061 3427 3
8061 3554 3
2879 5997 9
2879 4774 9
2879 2404 9
2879 2178 8
2879 4285 3
2879 1187 2
2879 6469 2
2879 3842 2
1205 5759 6
1205 2556 5
1205 473 5
1205 19 5
1205 6391 5
1205 2404 5
1205 4774 5
1205 6332 5
1205 8039 5
1205 2263 4
1205 4548 4
1205 7325 4
1205 7745 4
1205 2330 4
1205 13 4
1205 3427 4
1205 4285 4
1205 3542 4
1205 942 4
1205 1430 4
2786 7503 11
2786 211 11
2786 501 11
2786 1430 5
2786 1205 5
2786 2837 5
2786 2697 2
2786 5136 2
2786 7890 2
2786 4285 2
2786 6644 1
2786 942 1
2786 7264 1
7151 2837 6
7151 7335 5
7151 2879 5
7151 2832 1
7151 5081 1
7151 6950 1
7151 889 1
1590 2034 4
1590 7710 4
1590 1590 2
1590 6469 1
19 6005 3
19 7321 2
19 7886 1
19 3507 1
19 809 1
3781 4383 3
3781 5136 3
3781 4285 3
3781 2072 3
1258 5241 3
1258 2365 2
8328 7878 9
8328 2832 8
8328 4820 8
8328 7264 8
8328 7187 8
8328 4285 6
8328 942 5
8328 2025 5
8328 7745 4
8328 2879 4
8328 5136 4
4783 2104 1
4783 2958 1
4783 942 1
4783 889 1
4783 3542 1
4783 1194 1
4783 6090 1
4783 4827 1
4783 3904 1
4783 3487 1
4783 5081 1
2104 1104 8
2104 3356 8
2104 2702 8
2104 7503 8
2104 942 1
6644 7503 11
6644 2119 11
6644 2786 8
6644 3223 8
6644 3904 4
6644 942 2
6644 2942 1
6644 5081 1
6644 1975 1
6514 2072 3
6514 3487 3
6514 1680 2
6514 2879 2
143 7187 8
143 1104 7
143 7264 7
3427 2034 6
3427 329 4
3427 7326 4
3427 1205 4
3427 13 4
3427 2702 4
3427 3842 4
3427 6280 3
3427 7978 3
3427 4600 3
3427 942 2
3427 7264 2
3427 3554 2
3427 2879 2
3704 1590 1
3704 1440 1
4097 19 1
3174 7503 11
3174 6565 11
3174 6296 11
3174 4820 11
3174 2084 11
3174 2837 11
3174 2119 11
3174 308 10
3174 8227 10
3174 7008 10
3174 7878 10
3174 7325 10
3174 7745 9
8100 969 11
8100 6565 11
8100 7502 10
8100 1308 10
8100 308 10
8100 3702 10
8100 2119 10
8100 7503 10
8100 2084 10
8100 4820 10
8100 7878 10
8100 8010 10
8100 1680 4
8100 2823 3
8100 942 3
8100 549 3
8100 1226 3
8100 8238 3
8100 2263 3
8100 2879 3
8100 2942 1
7710 7745 4
7710 8404 4
7710 13 1
2025 941 5
2025 2084 5
2025 28 5
2025 8259 5
2025 7745 4
2025 3356 4
2025 624 1
2025 3542 1
2025 13 1
2025 4285 1
2025 3889 1
3702 2791 11
3702 7187 7
3702 6269 5
4383 19 3
4383 6005 3
4383 6027 3
4383 1226 2
4383 1430 2
2942 473 3
2942 4285 3
2942 4623 3
2942 2263 3
2942 4549 3
2942 3842 3
2942 5081 3
2942 1187 3
2942 7672 3
2942 2283 2
2942 815 2
2942 1027 2
2942 2879 2
2942 4600 2
2942 4774 2
2942 2404 2
2942 1720 2
2942 549 2
2942 8238 2
2942 2041 1
2942 13 1
2942 6469 1
2942 3223 1
2942 942 1
2942 3904 1
2942 3075 1
2942 4380 1
2942 3487 1
2942 2867 1
2793 7760 2
2793 501 2
2793 6034 2
2793 942 2
2793 5369 2
2793 3295 2
2793 5172 2
2793 1790 2
2793 768 2
2793 8238 2
2793 923 2
2793 484 2
2793 1135 2
7653 1790 2
7653 6090 2
7653 6619 2
7653 7886 2
7653 7987 2
7653 7004 2
7653 4623 2
7653 7393 2
7653 7326 2
7653 768 1
7653 3223 1
7653 4653 1
7653 6582 1
7653 6643 1
7653 13 1
7653 8474 1
7653 4380 1
7653 942 1
7653 3486 1
7653 7151 1
7653 3780 1
7653 3288 1
7653 1268 1
7653 1793 1
7653 452 1
7653 6457 1
7653 7264 1
7653 1069 1
7653 762 1
7653 3952 1
7653 2104 1
7968 1104 1
3554 3050 4
3554 3278 4
3554 329 4
3554 7409 4
3554 6280 3
3554 8404 3
3554 5922 3
3554 3427 2
3554 4285 2
3554 5380 2
3554 13 1
3554 1425 1
3554 7326 1
5358 3830 2
5358 2041 2
5358 2879 2
5358 1187 2
5358 1720 2
5358 2283 2
5358 2942 2
8 7485 1
8 2998 1
8 2260 1
8 4050 1
8 566 1
8 1416 1
110 4774 3
110 1779 2
110 19 1
110 7542 1
110 609 1
110 2104 1
6338 7325 11
6338 2119 11
6338 753 7
6338 7878 6
6338 6296 5
6338 1285 5
6338 6338 4
6338 6777 4
6338 942 4
6338 3356 4
28 2833 5
28 13 5
28 3223 5
28 5241 5
28 2084 5
28 2178 5
28 2837 5
28 1205 4
28 2330 4
28 4548 4
28 6469 1
28 942 1
7187 3356 8
7187 7325 8
7187 8010 7
7187 7878 7
7187 7760 7
7187 6269 7
7187 7187 7
7187 2084 7
7187 941 7
7187 3702 7
7187 3223 7
7187 7264 7
7187 6565 7
7187 4969 7
7187 4285 7
7187 2178 7
4050 6269 11
4050 5136 11
4050 7760 11
4050 7502 11
4050 8227 11
4050 308 11
4050 2119 11
4050 2072 10
4050 7008 10
4050 1410 10
4050 473 10
4050 7567 9
4050 6565 9
4050 501 9
4050 7187 9
4050 3487 9
4050 5922 9
4050 7878 9
4050 2755 9
4050 4549 9
4050 2404 9
4050 753 9
4050 2832 9
4050 4409 8
4050 7264 8
4050 7325 8
4050 1104 8
4050 941 8
4050 3223 7
4050 2084 7
4050 3830 6
4050 7335 6
4050 3842 5
4050 2283 5
4050 7978 5
4050 7326 5
4050 8259 4
4050 2879 4
4050 1680 4
4050 2178 4
4050 6469 4
4050 3554 4
4050 889 4
4050 4285 4
4050 5081 4
4050 1065 2
2503 46 10
2503 6357 1
4623 3295 3
4623 7680 3
4623 6643 2
4623 2942 2
4623 549 2
4623 2041 2
4623 7653 2
4623 923 2
4623 808 2
4623 3223 2
4623 3075 1
4623 8238 1
2398 1590 1
2398 8321 1
2398 715 1
2398 3507 1
2398 8215 1
2398 3773 1
2034 5433 4
2034 6777 4
2034 329 4
2034 7978 4
2034 2833 4
2034 3842 3
7478 7792 6
7478 2034 4
7478 329 4
7478 1383 4
7478 3356 4
7478 46 4
7478 2041 4
7478 4285 4
7478 942 4
7478 3486 1
7478 1555 1
3075 2041 2
3075 889 2
3075 5369 1
3075 8100 1
3075 473 1
3075 3223 1
3075 942 1
3075 1194 1
3075 4380 1
3075 4050 1
3075 5054 1
3075 4386 1
3075 7711 1
3075 2942 1
3075 5815 1
3075 7264 1
3075 2958 1
3075 2104 1
3075 8501 1
5484 1308 9
5484 7478 4
5484 7297 4
2402 942 3
2402 2402 3
2402 4285 3
2402 4774 3
2402 2178 3
2402 2041 3
2402 2879 3
2402 3842 3
13 3223 5
13 46 5
13 1205 4
13 3427 4
13 1065 4
13 7978 4
13 2697 3
13 1779 3
13 2041 2
13 13 2
13 6809 2
13 889 1
13 4600 1
13 2942 1
13 5025 1
13 1839 1
13 7264 1
13 4285 1
13 3554 1
13 473 1
13 3547 1
3278 7846 11
3278 8010 7
3278 7325 5
3278 941 5
3278 7297 5
3278 129 4
3278 8259 4
3278 509 4
3278 329 4
3278 6280 4
3278 3356 4
3278 3554 4
3278 1226 4
3278 473 4
3278 4285 3
2932 7760 8
2932 7792 7
2932 7335 6
1243 7893 2
1243 1248 2
1243 2942 2
1243 6090 2
1243 5358 2
1243 889 2
1243 4409 1
1243 3487 1
1243 104 1
1243 5605 1
1243 7503 1
1243 4569 1
559 7760 8
559 5136 4
559 3295 4
559 3223 3
559 942 3
329 7978 5
329 8284 5
329 129 5
329 7325 5
329 889 4
329 1285 4
329 8010 4
329 3278 4
329 5922 4
329 3427 4
329 4285 4
329 6280 4
329 3554 4
329 8061 4
329 2034 4
6036 8404 3
6036 2178 3
6036 2879 3
6036 6036 3
6036 4285 3
6036 942 3
6036 2072 3
6036 6357 3
6036 889 2
6036 493 2
6036 3842 1
6036 1555 1
6036 768 1
6036 3550 1
6036 7653 1
6036 473 1
3547 5433 2
3547 13 1
3547 4600 1
3547 4285 1
7676 5369 1
7676 1555 1
7676 2373 1
3976 2072 1
7973 501 10
7973 3223 10
7973 8227 10
7973 7878 9
7973 7503 9
7973 8158 9
7973 2119 9
7973 2697 9
7973 308 9
7973 3356 9
7973 5136 3
7973 4548 2
7973 6469 2
7973 7335 2
7973 3487 2
7973 942 1
2815 1027 1
2815 3507 1
1555 473 2
1555 1721 2
1555 2404 2
1555 7711 1
1555 7478 1
1555 4409 1
1555 1104 1
1555 6469 1
2260 8010 1
2260 8 1
8321 2398 1
8321 6582 1
8321 3773 1
8321 2867 1
1206 1027 1
1206 2538 1
1206 3773 1
753 4050 9
753 7503 9
753 4774 8
753 1104 8
753 6565 8
753 2867 7
753 7878 7
753 2755 7
753 7264 7
753 6338 7
753 3223 7
753 6296 7
7797 5785 2
7797 2317 2
7797 1194 1
7797 6537 1
7797 1226 1
1077 4548 1
1077 6178 1
6027 6280 4
6027 1430 3
6027 5922 3
6027 4383 3
6027 6027 3
6027 2072 3
6027 3427 2
6027 4285 2
4671 3554 4
4671 7393 4
4671 559 3
4671 8139 1
4671 8402 1
4671 2971 1
4671 6491 1
2747 2317 1
2747 5524 1
2535 3708 1
2535 715 1
3121 3550 4
3121 942 4
3121 5136 4
2823 3427 7
2823 7745 7
2823 7264 7
7732 19 1
7732 8374 1
7732 2521 1
7732 1440 1
7732 6737 1
7732 689 1
7732 2458 1
7732 1069 1
7732 1584 1
6174 7264 1
6174 2773 1
6174 6502 1
6174 1440 1
6174 6571 1
6174 6259 1
83 3051 1
83 1476 1
1677 1163 1
1677 8329 1
1677 1198 1
6189 4409 1
6189 3668 1
6189 7614 1
7886 6914 2
7886 6469 2
7886 1790 2
7886 4380 2
7886 3842 1
7886 1410 1
7886 1440 1
7886 8508 1
7886 19 1
7886 1027 1
7886 1590 1
7886 1041 1
7886 7653 1
7886 336 1
7886 3708 1
5997 5922 10
5997 7325 10
5997 308 10
5997 4820 8
5997 2404 8
5997 1104 8
5997 8061 8
5997 6469 8
5997 7008 8
5997 7374 8
5997 3223 8
5997 2119 8
5997 7978 8
5997 2178 7
5997 2556 7
4820 2755 11
4820 7325 11
4820 2178 11
4820 6644 11
4820 2837 11
4820 1308 11
4820 501 11
4820 2084 11
4820 7878 11
4820 7264 11
4820 2119 11
4820 6296 11
4820 5922 11
4820 4774 8
4820 1226 2
2119 7297 11
2119 682 11
2119 2283 11
2119 2072 11
2119 6338 11
2119 473 11
2119 3174 11
2119 3702 11
2119 4548 11
2119 501 11
2119 6644 11
2119 1410 10
2119 4050 10
2119 3278 10
2119 308 10
2119 8158 10
2119 8100 10
2119 3295 10
2119 7973 9
2119 8439 9
2119 2813 9
2119 8227 9
2119 5922 9
2119 7004 9
2119 7680 9
2119 1430 9
2119 559 8
2119 969 8
2119 7502 8
2119 7878 8
2119 2832 8
2119 3487 8
2119 7008 8
2119 5997 8
2119 6296 8
2119 8061 8
2119 2879 8
2119 7335 8
2119 2084 8
2119 753 8
2119 8010 7
2119 1104 7
2119 6565 7
2119 7264 7
2119 7503 7
2119 5136 7
2119 7325 7
2119 4969 7
2119 4820 7
2119 4774 7
2119 7567 7
2119 1308 7
2119 4285 7
2119 7745 7
2119 6469 7
2119 4479 7
2119 3223 7
2119 2178 7
2833 6469 4
2833 2034 4
2833 4285 4
2833 2178 3
2833 3842 3
941 4050 8
941 2879 8
941 7187 7
941 4969 7
941 4285 7
941 7008 7
941 7264 7
941 1720 7
941 329 5
941 2025 5
941 2837 5
941 4380 5
941 3278 5
941 3356 5
941 2178 5
3842 6565 7
3842 4088 6
3842 3427 4
3842 1590 4
3842 2833 3
3842 4549 3
3842 2034 3
3842 2942 3
3842 2263 3
3842 2178 3
3842 473 3
3842 6469 2
3842 2041 2
3842 2879 2
3842 4774 2
3842 6237 2
3842 2404 1
3842 6642 1
195 3223 5
195 4380 5
195 7710 4
195 2998 2
195 3092 2
195 429 1
195 2942 1
4380 941 5
4380 5412 5
4380 6269 5
4380 4548 5
4380 8259 5
4380 2404 5
4380 942 5
4380 4285 5
4380 2786 1
4380 1268 1
4380 6537 1
4380 2942 1
4380 1194 1
4380 889 1
4380 1555 1
4380 2867 1
4380 3356 1
4380 7968 1
4380 3487 1
6332 501 8
6332 2283 7
6332 6122 5
6332 1205 5
4549 3427 5
4549 2034 4
4549 2330 3
4549 4548 3
4549 2178 3
4549 2942 3
4549 942 3
4549 6469 3
4549 3842 3
4549 2879 3
6391 2404 7
6391 5019 6
6391 2178 6
6391 942 5
6391 1205 5
6391 7978 5
6391 1065 4
6391 2034 4
6391 13 3
6391 2697 3
6391 4600 3
6391 6391 3
6391 5433 3
6391 1790 3
6565 501 11
6565 308 11
6565 7008 9
6565 8439 9
6565 8289 9
6565 7325 9
6565 2084 9
6565 7745 9
6565 4526 9
6565 2404 8
6565 7502 8
6565 4479 8
6565 1104 8
6565 3356 8
6565 753 8
6565 7760 8
6565 2119 7
6565 7978 7
6565 7187 7
6565 7503 7
6565 3842 7
6565 7878 7
6565 7264 7
6565 3223 7
8508 6643 1
621 2178 6
621 2084 5
621 8259 4
621 1383 4
621 3427 4
621 942 4
621 3223 4
621 2879 3
621 7335 2
621 4285 2
621 889 2
621 484 2
3486 942 5
3486 2833 5
3486 4285 1
3486 7711 1
3486 4409 1
3486 7478 1
3486 3223 1
3486 2104 1
3486 10 1
3486 4774 1
3486 7886 1
3486 7653 1
3486 1555 1
1988 2283 5
1988 1285 5
1988 3223 5
1988 621 5
1988 8259 4
1988 2263 4
1988 4285 4
1988 7264 4
1988 3356 4
1988 942 4
1988 2879 4
2857 3487 2
1790 2175 4
1790 2697 3
1790 1779 3
1790 7760 2
1790 2041 2
1790 1720 2
1790 13 2
1790 4385 2
1790 5136 2
1790 3427 2
1790 6469 2
1790 3295 2
1790 3223 2
1790 6644 2
1790 5172 2
1790 3830 2
1790 7653 2
1790 1226 2
1790 2942 2
1790 1790 2
1790 942 2
1790 1430 2
1790 4692 2
1790 6090 2
1790 308 2
1790 1187 2
1790 5380 2
1790 7944 2
1790 4285 2
1790 1975 2
1790 889 2
1790 2793 2
1790 3554 2
1790 7264 2
2810 6469 2
2810 942 2
2810 889 2
2810 2879 2
2231 7680 2
2231 7454 2
2231 5369 2
2231 17 1
460 8259 3
460 942 3
460 2942 3
460 3842 3
2623 5433 1
6642 7354 2
6642 2879 2
6642 4692 2
6642 3842 1
297 3746 9
297 2119 9
297 7269 9
297 3542 4
297 501 4
297 4549 3
297 2283 3
297 942 2
297 2404 2
297 3223 2
297 1720 2
297 5081 2
2697 2837 11
2697 7973 9
2697 7760 8
2697 2119 8
2697 2786 8
2697 5997 8
2697 8061 8
2697 1104 8
2697 1152 8
2697 2755 8
2697 4050 8
2697 5420 7
2697 2404 7
2697 7890 6
2697 7325 6
2697 1308 6
2697 1590 6
2697 8434 6
2697 7978 5
2697 7680 5
2697 6269 5
2697 3356 5
2697 5412 5
2697 6391 5
2697 1018 5
2697 2702 4
2697 46 4
2697 1065 4
2697 7264 3
2697 5433 3
2697 4600 3
2697 2867 3
2697 473 2
2697 3223 2
2697 13 2
2697 3295 2
6979 6178 1
666 1589 1
113 3487 2
113 6469 2
113 287 2
113 2858 1
113 4659 1
113 3468 1
1440 1590 1
1440 1104 1
1440 7886 1
5025 13 1
969 7503 8
969 4820 8
969 7760 8
969 2119 8
969 7187 8
969 2755 8
969 1308 8
969 6469 7
969 7978 6
969 7567 3
969 1226 3
969 473 3
969 5136 2
969 5922 1
7711 1590 1
7711 3075 1
7711 942 1
7711 1104 1
7711 4050 1
7711 6537 1
7711 2942 1
7711 1555 1
7711 2867 1
6914 815 2
4246 2263 3
4246 2879 3
4246 4285 3
4246 2178 3
4246 4774 3
1113 5369 2
1113 6619 2
1113 3295 2
1113 2404 2
1113 4285 2
1113 2072 2
1113 7454 2
1113 8228 2
6652 3487 2
6652 5081 2
6652 624 2
6652 942 2
6652 889 2
6652 3223 2
6652 6090 2
5167 473 9
8049 6628 5
8049 2837 4
8049 1383 3
8049 1226 3
8049 7760 3
8049 8404 3
8049 7672 3
2963 6643 1
4237 6469 1
4237 2147 1
3159 923 2
3708 2404 2
3708 1590 1
3708 2398 1
3708 2535 1
3708 13 1
3708 6003 1
3708 7886 1
3708 4050 1
3708 4336 1
3708 2942 1
3708 1840 1
3708 2867 1
3708 213 1
3708 452 1
3708 689 1
3708 4306 1
3708 2887 1
7454 2231 2
7454 1113 2
3952 8321 2
3952 889 1
3952 7653 1
7686 2263 5
7686 4285 5
7686 7686 4
7686 46 4
7987 6469 2
7987 308 2
7987 7886 2
7987 7264 2
7987 2283 2
7987 7653 2
7987 2041 2
7987 942 2
7987 123 2
7680 4820 9
7680 7325 9
7680 549 3
7680 2697 2
484 889 2
484 4842 2
484 621 2
484 2879 2
484 4783 2
484 2793 2
484 7503 2
484 7335 2
484 6619 2
484 768 1
484 2402 1
484 3830 1
484 2998 1
484 3542 1
2328 4073 2
2328 942 2
2328 889 2
2328 5473 2
2328 6641 2
2328 7321 2
2328 5369 2
2328 4985 2
2328 5358 2
2328 8213 2
8228 549 2
8228 6469 2
8228 7354 2
8228 2942 2
8228 942 2
8228 3554 2
8228 2283 2
8228 1113 2
8228 7264 2
8228 4385 1
762 7478 1
762 3487 1
762 7653 1
762 7358 1
1139 942 1
1139 6643 1
1139 7886 1
1139 5605 1
1139 3092 1
6237 2404 2
6237 7264 2
6237 3842 2
6237 3486 1
6237 6469 1
3746 7004 10
3746 7335 9
3746 2404 8
3746 2702 8
3746 7187 8
336 7886 1
336 1440 1
336 6333 1
10 889 2
10 4385 2
10 2879 2
10 4285 2
10 7985 2
10 2283 2
10 3487 1
10 1194 1
10 473 1
10 7264 1
10 13 1
6178 2404 2
6178 6469 2
6178 284 1
6178 3682 1
7631 5216 1
7631 1027 1
7631 8321 1
7631 3075 1
7631 6643 1
7631 13 1
7631 6003 1
7631 4099 1
7631 8101 1
4526 7473 10
4526 7878 9
4526 2178 9
4526 4409 9
4526 6565 9
4526 753 9
4526 7503 9
4526 2404 9
4526 2119 9
4526 7760 8
4526 3223 8
2777 3904 1
2777 7653 1
2777 6712 1
2777 1038 1
2777 5191 1
2777 4409 1
2777 4380 1
2777 3542 1
7485 8 1
7485 1416 1
7485 1618 1
7485 2072 1
8344 2729 1
6060 5412 6
6060 308 2
6060 6357 1
6060 8189 1
5773 2879 2
3339 4820 11
6462 2879 2
11 3295 2
11 889 2
11 7987 2
11 1975 2
17 3542 1
17 6641 1
17 8374 1
17 1226 1
3212 2330 5
4601 7878 7
4601 7008 6
4601 2072 2
8086 6030 1
8086 6393 1
4743 1308 2
4743 6491 1
4743 6285 1
4743 8479 1
4743 3092 1
6491 2867 1
6491 6285 1
6491 4297 1
6491 5433 1
6491 624 1
6491 5369 1
6491 2815 1
6491 768 1
6491 4743 1
6491 3402 1
6491 8000 1
6491 2998 1
6491 4671 1
6491 8 1
3273 6469 2
3273 4774 2
1018 2697 5
1018 7978 5
1018 7325 5
1018 889 5
1018 2041 3
8416 969 2
8416 1720 2
8416 501 2
8416 168 2
8416 4032 2
8416 6393 2
8416 2283 2
2955 5369 1
2955 4320 1
2955 3487 1
2955 104 1
2955 2942 1
2955 7264 1
5369 6170 2
5369 6034 2
5369 6788 2
5369 2041 2
5369 2793 2
5369 7321 2
5369 2328 2
5369 7987 2
5369 308 2
5369 7085 2
5369 1113 2
5369 8367 2
5369 2231 2
5369 2283 2
5369 7264 2
5369 3075 2
5369 768 2
5369 7335 2
5369 3223 2
5369 942 2
5369 473 2
5369 624 2
5369 5275 2
5369 104 2
5369 6641 2
5369 2955 2
5369 7985 2
5369 2998 2
5369 6090 2
5300 6281 4
5300 6237 2
4099 1590 1
4099 3486 1
7612 4385 2
7612 1680 2
7612 1308 2
7612 3509 2
7612 493 2
187 2263 3
187 1430 3
187 6005 2
187 2072 2
187 809 2
187 7321 2
1715 2797 1
743 4783 1
6281 5300 3
8201 2837 5
8201 942 4
8201 6777 4
8201 7745 4
8201 5241 4
8201 559 3
8201 4548 3
8201 2330 3
8201 8201 3
8201 2041 3
8201 2786 2
1268 2942 3
1268 4409 1
1268 3542 1
1268 3051 1
1268 3223 1
1268 612 1
1268 4320 1
1268 3075 1
1268 10 1
1268 3904 1
1268 8027 1
1268 4380 1
1268 4285 1
1268 7653 1
1268 104 1
1268 1912 1
1268 2373 1
1268 1641 1
1268 3486 1
1268 4660 1
1268 4177 1
1268 2041 1
1268 5127 1
2168 5090 1
4891 7393 1
7846 682 10
7846 2813 10
7846 3278 10
7846 8010 10
7846 7878 9
7846 5922 9
7846 7008 9
7846 308 9
8215 2398 1
8215 3773 1
8215 3704 1
6379 942 5
4644 308 2
4644 1212 2
4644 5995 2
4644 7614 1
923 7321 2
923 2584 2
923 5380 2
923 2793 2
923 4827 2
923 3223 2
923 4623 2
923 1564 2
923 6619 2
923 10 2
923 755 2
923 2283 2
923 493 2
923 6010 2
1671 4283 1
1671 3542 1
7773 7374 6
6003 1027 1
6003 555 1
4804 3223 1
3390 5338 1
3390 4409 1
3390 6627 1
3390 4834 1
3390 8027 1
3390 3042 1
3390 4285 1
3390 225 1
3390 5358 1
3390 3212 1
3390 1555 1
3390 634 1
3390 2832 1
1110 4783 1
1110 5573 1
1110 3542 1
1110 6090 1
1110 5387 1
1110 6582 1
1110 3554 1
1041 4772 1
1041 159 1
1041 1715 1
1041 7886 1
1041 6313 1
1839 13 1
1839 8000 1
614 3223 2
2811 6727 2
7879 7661 1
7879 520 1
7879 7677 1
5457 549 2
5457 1194 1
5457 10 1
5457 1416 1
5457 655 1
5457 4671 1
2046 3099 2
2046 5525 2
2046 3542 2
2046 493 1
2046 243 1
1428 1070 1
7944 7454 2
7944 2786 2
7944 1790 2
7944 5433 2
8071 4409 1
8071 3381 1
8071 4772 1
8071 3092 1
8071 2697 1
8071 4671 1
3773 3830 3
3773 6582 1
3773 3704 1
3904 942 1
3904 4409 1
3904 5369 1
3904 3542 1
3904 2998 1
3904 473 1
3904 3051 1
3904 3075 1
3904 3042 1
3904 2777 1
3904 7893 1
3904 1182 1
3904 2942 1
3904 1268 1
3904 374 1
3904 655 1
3904 6644 1
3904 2041 1
6712 4409 1
6712 2777 1
955 768 1
955 5025 1
3209 13 1
7289 3952 1
7289 2063 1
7289 2867 1
5191 473 1
3566 1949 1
3566 6737 1
6823 7008 8
6823 46 6
6823 3487 6
6823 2072 6
7217 4820 8
7217 4774 4
755 4692 2
755 815 2
755 1590 1
1410 2958 1
1410 3075 1
1410 7886 1
1410 225 1
1410 1680 1
1410 7437 1
1410 5435 1
1410 7677 1
2574 46 4
2574 624 1
2574 6582 1
2574 7264 1
2255 1065 3
2255 4285 3
4073 2072 3
4073 6357 2
4073 2328 2
4073 7653 2
4826 2104 1
4826 4285 1
4826 7653 1
4826 4722 1
4826 3390 1
4826 1163 1
4826 4555 1
4826 1677 1
4826 2618 1
4826 7596 1
4826 8329 1
4826 520 1
4826 3790 1
2538 1206 1
2538 2929 1
5524 2747 1
5524 6654 1
5524 8300 1
3682 1308 2
3682 4827 2
3682 5369 1
3682 3924 1
3682 2998 1
3682 2165 1
3682 942 1
3682 8139 1
3682 1721 1
3682 6582 1
3682 2072 1
4537 6579 2
651 3209 1
651 4140 1
6005 7890 4
6005 1430 3
6005 19 3
6005 6005 3
6005 889 3
5759 7321 2
7321 7321 3
7321 889 3
7321 1430 3
7321 4383 3
7321 6118 2
7321 7567 2
7321 5759 2
7321 187 2
7321 942 2
7321 7890 2
7321 19 2
7321 1975 2
809 187 2
809 809 2
809 19 1
809 3520 1
809 2303 1
1636 1720 6
1636 1205 5
1636 8434 5
1636 2236 5
1636 4548 5
1636 942 5
1636 4409 5
1636 2833 5
1636 187 5
1636 2556 5
1636 5484 5
1636 7325 5
1636 2837 5
1636 7890 5
1636 8039 5
1636 889 4
1636 2879 4
1636 7297 4
6118 6261 4
6118 4383 3
6118 6005 3
6118 19 2
2378 2879 7
2378 7325 7
2378 8061 7
2378 7008 6
2378 1205 6
2378 2556 6
181 8000 1
181 6991 1
181 4772 1
181 5473 1
181 6698 1
181 4704 1
6261 7890 4
6261 6118 4
6261 1430 4
1430 7878 11
1430 7503 11
1430 812 11
1430 308 10
1430 7008 10
1430 5241 9
1430 143 9
1430 7335 9
1430 8010 9
1430 8289 9
1430 1308 9
1430 211 9
1430 8158 9
1430 1557 7
1430 6280 6
1430 1104 5
1430 4409 5
1430 2556 5
1430 7325 5
1430 3239 5
1430 2837 5
1430 3356 5
1430 1205 4
1430 6118 4
1430 6261 4
1430 187 3
1430 7321 3
1430 6005 3
1430 6027 3
1430 4383 2
1430 1790 2
1430 4285 2
1430 493 2
1430 5136 2
1430 1975 2
1430 1839 1
1430 809 1
1430 8100 1
1430 3704 1
1430 7420 1
1430 7890 1
1430 2063 1
1430 5271 1
1430 7264 1
1430 624 1
2303 809 1
812 2119 11
812 6644 11
812 3924 8
812 7760 8
2998 5922 4
2998 7978 4
2998 7264 4
2998 5433 3
2998 3830 3
2998 4285 3
2998 889 3
2998 3295 3
2998 3427 3
2998 6036 3
2998 1077 2
2998 195 2
2998 5759 2
2998 1695 2
2998 6643 2
2998 7856 2
2998 2879 2
2998 1135 2
2998 1990 1
2998 3542 1
2998 5573 1
2998 5369 1
2998 4383 1
2998 6090 1
2998 7567 1
2998 493 1
2998 2072 1
2998 4783 1
2998 8189 1
2998 10 1
2998 13 1
2998 1476 1
2998 2041 1
2998 1328 1
2998 4891 1
2998 484 1
2998 5295 1
2998 969 1
2998 7696 1
2998 4886 1
2998 3682 1
2998 6491 1
2998 6240 1
2998 7004 1
2998 1308 1
2998 4532 1
2998 7680 1
2998 110 1
2998 3904 1
2998 6285 1
2998 2025 1
2998 3223 1
2998 1194 1
2998 6582 1
2998 942 1
2998 8101 1
243 3104 1
2975 4383 3
2975 889 1
2975 3542 1
2975 4905 1
2975 3402 1
2975 484 1
2975 5073 1
2975 3830 1
1443 3708 2
1443 13 2
1443 7326 2
1443 3924 1
1443 4050 1
1443 4285 1
1443 7264 1
1443 1065 1
5420 682 7
5420 3223 7
5420 7008 7
5420 1104 7
5420 2556 7
5420 2697 7
5420 1308 7
5420 7264 7
5420 2119 7
5420 1205 7
5420 3924 7
3520 5922 4
3520 809 1
3520 19 1
682 7890 7
682 1557 7
682 6280 6
682 5922 6
2063 1430 1
4201 7760 8
4201 1065 4
4201 6338 4
4201 7297 4
4201 324 4
7970 1443 2
7970 7264 2
7970 889 1
7970 6582 1
7970 1564 1
7970 4380 1
104 624 1
104 942 1
104 5081 1
104 2281 1
104 5369 1
104 1243 1
104 2402 1
104 4827 1
8137 1226 3
8137 3554 3
8137 4285 3
8165 19 1
8165 4380 1
8165 7732 1
3050 5922 4
3050 3278 4
3050 6280 4
3050 3356 4
3050 2034 4
3050 3554 4
5794 7745 9
1532 19 4
2240 158 1
1226 3427 4
1226 3278 4
1226 7710 4
1226 6280 4
1226 8061 3
1226 3295 3
1226 8049 3
1226 8137 3
1226 2263 3
1226 5922 3
1226 942 3
1226 4383 2
1226 889 2
1226 7264 2
1226 1226 2
1226 2867 1
1226 4285 1
6900 6280 4
6900 6027 4
1330 5433 2
1330 2879 2
1330 2958 2
8115 243 1
5271 1430 1
4905 6652 2
4905 942 1
4905 2958 1
8385 3486 1
7304 4827 2
7304 493 1
7304 8501 1
7304 2958 1
7304 4285 1
7304 6603 1
7304 2813 1
7304 1470 1
7304 374 1
6727 2811 2
7437 7085 2
7437 297 2
7437 3487 2
7437 942 1
7437 5123 1
7437 5338 1
7437 2942 1
7437 1410 1
6579 7567 3
6579 4537 2
6579 2317 1
4359 2142 2
4359 1590 1
4359 5838 1
2797 1440 1
2797 1715 1
2322 2879 1
2521 299 1
2521 3704 1
2521 1440 1
2521 3657 1
7840 4548 6
7840 8010 6
7840 2084 6
7840 2942 2
7840 2041 2
7840 942 2
7840 888 2
1710 2084 5
612 768 1
612 5054 1
612 3486 1
612 1984 1
4827 4285 11
4827 1410 11
4827 7335 3
4827 889 2
4827 5508 2
4827 3830 2
4827 2942 2
4827 2879 2
4827 4692 2
4827 4548 2
4827 6537 1
4827 104 1
4827 7973 1
4827 2867 1
4827 1182 1
4827 4772 1
3616 6209 2
3616 1720 2
3616 7987 2
3616 2104 1
3616 4783 1
3616 889 1
3616 6144 1
3616 1671 1
3616 3402 1
3616 2655 1
3616 5164 1
3616 6353 1
3616 6090 1
3616 3223 1
3616 5081 1
3616 6950 1
3616 13 1
3616 8000 1
3616 4380 1
3616 3542 1
3616 7357 1
3616 1590 1
3616 6698 1
3616 8385 1
3616 4409 1
3616 4328 1
3616 2958 1
3616 4336 1
3616 2832 1
3616 7711 1
3616 3704 1
3616 3871 1
3616 7151 1
3616 4612 1
3616 8086 1
3616 3021 1
3616 5090 1
3616 385 1
3616 8071 1
3616 4073 1
3616 2056 1
3616 5760 1
3616 612 1
3616 3763 1
3616 1949 1
3616 1139 1
3616 3075 1
3616 1440 1
3616 4722 1
2373 2793 2
2373 4409 1
2373 1590 1
2373 3542 1
2373 3952 1
2373 942 1
2373 13 1
2373 2858 1
2373 3487 1
2373 5358 1
2373 3507 1
2373 6537 1
2373 5262 1
2373 3212 1
2373 7151 1
2373 1555 1
2373 8508 1
2373 2797 1
2373 1416 1
2373 1069 1
2373 529 1
2373 2104 1
8501 3075 1
8501 4285 1
8501 2942 1
385 942 1
2885 4783 1
2885 8238 1
2885 484 1
2885 4285 1
2885 501 1
2885 1793 1
2885 5081 1
2885 6641 1
2885 7420 1
2885 3356 1
1182 4827 1
1182 3075 1
1182 3904 1
1182 4380 1
1182 5605 1
5054 2104 1
5054 942 1
5054 5369 1
5054 612 1
5054 7653 1
5054 5358 1
5054 6788 1
5054 2867 1
391 3223 2
3744 809 1
2791 7878 11
2791 2084 11
2791 5136 11
2791 7004 10
2791 308 10
5813 287 1
5813 4150 1
5813 4834 1
5813 3777 1
5813 2086 1
5813 5383 1
7792 7335 5
7792 7978 5
7792 2867 5
7792 8259 5
7792 942 5
1288 2839 1
1288 3486 1
2716 5813 5
4409 4526 9
4409 3223 6
4409 4050 5
4409 3356 5
4409 942 5
4409 768 5
8129 1720 3
8129 7335 3
8129 7760 3
8129 889 2
8129 1212 2
8129 942 2
8227 7846 10
8227 682 10
8227 2034 10
8227 2283 10
8227 4050 10
8227 7502 10
8227 1430 10
8227 3174 10
8227 5136 10
8227 5922 10
8227 2236 9
8227 2084 9
8227 7008 9
8227 7335 9
8227 7503 9
8227 1308 9
8227 308 9
8227 501 9
8227 7745 9
8227 7973 9
8227 2119 9
8227 2832 9
8227 7878 9
8227 3746 9
8227 4820 9
5281 7503 9
5281 7745 9
5281 4820 9
5281 7502 9
5281 2832 9
5338 3390 1
5338 4328 1
5338 2951 1
5338 2867 1
5338 4148 1
1641 2104 1
1641 8027 1
1641 3386 1
7269 8289 9
8329 3952 1
8329 3223 1
8329 6582 1
8329 4380 1
8329 5123 1
8329 1677 1
8329 3356 1
2365 1258 2
2365 5813 1
7985 3356 5
7985 5369 1
5073 5081 1
168 2404 2
168 297 2
4997 2104 1
4997 3555 1
1977 5358 1
1977 5605 1
1977 1416 1
1977 2342 1
2584 942 3
2754 889 1
600 4623 2
600 3827 1
600 7478 1
600 6469 1
600 1555 1
600 6457 1
6353 942 1
6353 3542 1
6353 1514 1
6353 3952 1
6353 3223 1
6353 123 1
6353 4722 1
6353 2223 1
6353 1410 1
6353 7151 1
6353 6289 1
6353 5081 1
6353 6950 1
6353 3029 1
4454 6090 1
4454 1711 1
6777 3050 5
6777 2034 4
6777 3223 4
6777 942 4
6777 5433 4
6777 2330 4
6777 549 3
4288 624 2
4288 2793 2
4288 942 2
4288 5081 2
4288 3542 2
4288 6090 1
4288 3099 1
5706 4380 1
5706 5185 1
5706 8175 1
5706 2020 1
5706 6737 1
5706 133 1
5706 7309 1
7855 3542 1
7963 4150 1
7963 8027 1
8300 7653 1
8300 3390 1
8300 1555 1
8300 5524 1
8300 6654 1
1038 4409 1
1038 6469 1
6788 942 3
6788 273 1
6788 4772 1
6788 889 1
6788 6698 1
6788 5054 1
7869 7297 4
7869 4549 3
5710 5369 1
815 501 2
815 1027 1
815 4774 1
8039 7890 8
8039 7325 6
8039 8010 6
8039 4548 5
6792 2404 7
6792 3239 5
6792 3278 5
6792 4285 5
3780 889 1
3780 7968 1
3780 473 1
3780 308 1
3780 7653 1
3780 815 1
2813 7846 10
2813 7567 10
2813 7503 10
2813 2119 10
2813 4774 9
2813 8061 9
2813 1104 9
2813 501 9
2813 7008 9
2813 2178 9
2813 2283 9
2813 308 9
3507 1027 1
5473 1205 4
5473 4285 2
8069 2178 4
8069 4548 4
8069 4246 4
8069 2263 3
8069 5433 3
8069 4285 3
8069 942 3
8069 1226 3
8069 473 2
7354 6642 2
7354 2404 2
7354 3554 2
7354 2879 2
1255 7978 4
1793 2885 1
1793 6582 1
1793 4285 1
1793 7653 1
1793 1069 1
4772 10 2
4772 942 1
4772 8000 1
4772 4297 1
4772 4827 1
4772 3075 1
4772 3042 1
4772 5618 1
4772 181 1
4772 6788 1
4772 1041 1
4772 374 1
4772 4569 1
4772 3356 1
6603 7008 6
6603 8228 2
6603 13 1
6603 6469 1
6603 2056 1
6603 7264 1
299 7085 2
299 5525 2
299 13 1
299 4774 1
299 2942 1
299 1437 1
6209 2283 2
6209 942 2
6209 2879 2
7282 7978 5
7282 4774 5
7282 7567 5
7282 8434 5
7282 6280 5
7282 5412 5
7282 2404 5
7282 2178 5
6183 1027 1
7447 7447 4
7447 6809 2
7447 3830 2
7447 2786 2
7447 4285 2
6177 19 2
6177 7890 1
3727 7290 2
3727 6090 1
3727 308 1
3727 5715 1
5172 1790 2
5172 3830 2
5172 7321 2
5172 942 2
5172 308 2
5172 2041 2
5172 4285 2
5172 2793 2
5172 6090 2
5172 889 2
888 6469 6
888 2833 5
1779 1790 3
1779 13 3
1779 1425 2
1779 7326 2
1779 5380 2
1779 1443 2
1779 3395 1
1779 1065 1
1779 3547 1
1779 5433 1
1065 4285 7
1065 5997 7
1065 6391 5
1065 2697 4
1065 7409 3
1065 1425 1
1065 5433 1
1065 13 1
1065 1779 1
1065 7264 1
129 4285 5
129 329 5
129 3278 4
129 509 4
7409 6280 6
7409 8259 4
7409 7745 4
7409 2330 4
7409 5922 4
7409 3356 4
7409 4285 4
7409 3295 3
7409 1104 3
7409 4336 3
7409 1425 3
7409 2313 3
7409 2879 3
7409 7264 3
7409 4078 3
7409 3554 3
7409 1065 3
6991 5922 3
6991 4383 1
6991 181 1
6991 815 1
6991 7653 1
6991 4285 1
6991 3924 1
6991 8321 1
6991 612 1
6991 8508 1
6991 829 1
6991 5191 1
6991 8071 1
6991 8312 1
6991 8374 1
6991 259 1
6991 5484 1
6991 3390 1
6991 225 1
6991 3566 1
6991 1440 1
6991 3486 1
6991 1243 1
6991 950 1
6991 6737 1
6991 689 1
6991 4770 1
6991 1161 1
6991 1584 1
6991 6174 1
6991 3369 1
6991 506 1
6991 4704 1
6991 3395 1
6991 789 1
6991 424 1
1557 7008 7
1557 7264 7
1557 4238 7
1557 6280 6
1557 7374 6
1557 682 6
7243 5025 3
3460 5484 1
3239 8284 5
3239 1430 5
3239 3356 5
3239 6792 5
3239 5299 4
3239 4115 4
3239 7227 4
3239 3232 4
3239 329 4
3239 6280 4
3239 4285 4
3239 1226 4
3239 1285 4
3239 1205 4
3239 3427 4
3239 3278 4
8341 1425 1
5380 8404 3
5380 7264 2
5380 1779 2
5380 1790 2
5380 4285 2
5380 3554 2
5380 5525 2
1425 3554 2
1425 1779 2
1425 4600 2
1425 1425 2
1425 8341 1
1425 1065 1
4238 308 9
4238 5922 9
4238 2236 8
4238 1104 7
4238 8061 7
4238 3356 6
3232 1104 7
7227 3239 5
3763 3542 1
3763 2858 1
3763 6469 1
509 129 4
509 3278 4
6641 2328 2
6641 7478 1
6641 5369 1
6641 1555 1
7368 129 5
8284 8061 6
8284 7978 6
8284 5064 5
8284 7710 5
8284 8039 5
8284 1285 5
8284 3278 5
8284 329 5
8284 3356 5
2305 942 3
2305 3509 2
2305 3542 1
6341 7051 1
6341 624 1
6341 7264 1
3527 2119 8
3527 7745 5
3527 3356 5
3527 2837 5
6420 4285 2
6420 3460 1
2386 4774 1
2386 6502 1
2416 1430 1
1618 889 2
1618 1590 2
1618 4774 2
1618 391 2
1618 3830 2
1618 809 2
1618 7437 2
1618 3958 2
1618 1779 2
1618 3487 2
1618 2867 2
1618 4285 2
1618 1226 2
1618 942 2
1618 5136 2
1618 8129 2
1618 2041 2
1618 1790 2
1618 7420 2
1618 3427 2
1618 2879 2
1618 2283 2
7374 1557 6
7374 2178 6
7374 6280 6
7374 3554 6
4886 4783 1
4886 889 1
4886 2998 1
789 624 2
4115 3239 4
4115 4285 4
3924 3356 8
3924 812 8
3924 1104 8
3924 5420 7
3924 7325 7
3924 7264 7
3924 4969 7
3924 7335 7
3924 6269 7
1576 7264 3
8158 2837 11
8158 7008 11
8158 7264 11
8158 2119 10
8158 4969 10
8158 8227 9
8158 7973 9
8158 308 9
8158 1104 9
8158 1430 9
8158 7745 9
8158 4820 9
2206 6917 1
2206 1041 1
2206 6457 1
563 3904 2
3144 5879 1
3144 7456 1
3988 3554 2
3988 3988 2
4770 4383 1
8374 2072 3
8374 1226 3
8374 549 3
8374 6698 1
8374 3704 1
8374 1555 1
8374 5706 1
8374 1784 1
8374 7732 1
1949 3209 1
1949 7968 1
1949 2942 1
1949 1027 1
1949 5484 1
1949 7886 1
1949 4285 1
1949 3773 1
1949 2815 1
1949 1590 1
1949 8215 1
1949 5191 1
1949 6457 1
1949 7012 1
1949 3296 1
1949 7471 1
1949 1984 1
1949 336 1
1949 4306 1
1949 6333 1
1949 2074 1
3092 7840 2
3092 195 1
3092 1912 1
3092 5605 1
3092 4743 1
3092 1139 1
3092 8071 1
3092 3386 1
3092 3356 1
8062 942 5
8062 3223 5
8062 8259 5
8062 2879 4
8062 5433 4
8062 7454 2
3913 4600 2
6333 5262 1
7290 3223 2
7290 2283 2
7290 3727 2
7290 13 1
8417 2942 1
2887 3708 1
2887 4380 1
2887 7326 1
2887 1194 1
2887 8321 1
2887 1104 1
2887 7711 1
2887 3486 1
2887 5402 1
2887 1041 1
2887 452 1
2887 7264 1
2655 3547 1
2655 5433 1
7473 7264 10
7473 4526 10
7473 1308 10
7473 7503 10
7473 7878 10
6608 2330 4
6608 2072 2
6608 8100 1
6608 5710 1
6608 7408 1
4569 4772 1
4569 6469 1
4569 7711 1
4569 1555 1
4569 1564 1
3296 6571 1
3296 7966 1
3296 7393 1
3296 7653 1
3296 6267 1
3296 6579 1
3296 6280 1
6457 3223 8
6457 8238 2
6457 1590 1
6457 13 1
6457 7653 1
5387 1110 1
5387 6469 1
1313 3547 1
1861 4285 7
3355 5369 1
3355 757 1
3355 1677 1
1292 336 1
7893 2025 7
7893 3487 2
7893 4623 2
7893 3212 2
7893 8238 2
7893 6469 1
7893 3554 1
7893 2867 1
7420 6269 5
7420 2041 2
7420 6582 2
7420 2867 1
1760 7653 1
2760 2879 2
2760 1187 1
2760 2729 1
2858 2104 1
2858 942 1
2858 113 1
2858 889 1
2858 287 1
2858 3763 1
2858 7503 1
2858 3223 1
2858 1104 1
2858 1555 1
2858 2867 1
7572 1425 2
7572 3554 2
7572 2404 2
7572 1720 2
7572 2958 2
7572 3487 2
7572 4285 2
7572 4774 2
7572 889 1
6433 942 1
6433 4834 1
6433 2942 1
6433 1555 1
1943 1027 2
1943 7354 2
1943 2879 2
1943 2857 2
1943 1720 2
1943 1187 2
1135 4644 2
1135 8238 2
1135 2283 2
1135 2793 2
1135 3051 2
1135 4363 2
1135 2942 2
1135 6652 2
1135 889 2
1135 5918 1
4372 4409 1
4372 624 1
4372 4380 1
6010 1776 2
6010 5433 2
4711 6469 1
7703 7187 9
7703 6313 9
7703 7264 8
3314 8086 1
5932 942 5
5932 889 2
5932 7503 1
5932 2867 1
2622 7745 9
2622 7187 9
4969 8158 9
4969 501 9
4969 7760 8
4969 7187 7
4969 941 7
4969 2119 7
4969 7264 7
4969 7745 7
4969 1104 6
2281 1104 8
2281 6643 1
2281 13 1
2281 5025 1
2281 391 1
2281 7004 1
2281 3356 1
374 889 1
374 3542 1
374 3904 1
374 4722 1
374 2942 1
374 5191 1
374 4772 1
968 4285 2
968 2998 2
3051 1135 2
3051 83 1
3051 1711 1
3051 3904 1
3051 1268 1
3051 6090 1
2223 2104 1
2223 3542 1
2223 4716 1
2223 1514 1
2223 6991 1
2223 3075 1
2223 13 1
2223 4774 1
2223 2942 1
2223 1555 1
2223 391 1
2223 2281 1
2223 7311 1
2223 7264 1
2223 2340 1
2223 8300 1
6755 942 5
5995 8238 2
5995 3223 2
5995 6652 2
5995 4644 2
5995 889 2
5995 6090 2
5995 942 2
5995 493 2
7309 4722 1
7309 5185 1
7309 5090 1
7309 5706 1
7309 8175 1
7309 1784 1
7309 163 1
7309 2020 1
7309 6324 1
7309 2339 1
7309 133 1
7309 7471 1
7309 6687 1
7309 2391 1
8289 2119 9
8289 2755 9
8289 2178 9
8289 4050 9
8289 7878 9
8289 6565 9
8289 7335 9
8289 3223 9
1244 3223 10
1244 942 4
1244 3356 4
1244 308 4
1244 4774 4
3584 549 1
3584 5433 1
3584 1104 1
5967 6652 2
5967 4569 1
1437 1590 1
1437 7886 1
1437 1555 1
1437 8071 1
1437 2929 1
1437 4890 1
493 2793 2
493 7304 1
493 7526 1
493 8 1
493 2655 1
493 6582 1
493 2251 1
493 5573 1
493 942 1
493 7970 1
493 2998 1
493 3554 1
493 7420 1
493 4770 1
7183 3223 6
7183 5433 6
5569 3542 1
4464 1425 1
2087 942 1
2087 4336 1
1564 6582 1
1564 4380 1
1564 3487 1
1564 3486 1
1564 6652 1
1564 1555 1
1564 4569 1
4018 7420 2
4018 7653 2
5887 1027 1
5887 1430 1
5887 8508 1
6619 7653 2
6619 1113 2
4336 7297 4
4336 2041 3
4336 3547 1
4336 3542 1
4336 13 1
4890 2041 5
4890 7297 5
4890 1437 1
7456 3144 1
7456 5879 1
2991 6269 6
7167 4627 1
7167 2535 1
7167 8321 1
7167 7653 1
7167 2521 1
7167 1555 1
7167 5118 1
7167 296 1
4041 942 3
4041 493 2
4041 6090 2
4041 2885 1
4041 5275 1
7357 287 1
7357 2025 1
7357 7478 1
7357 1194 1
7357 3075 1
7357 3889 1
7357 2416 1
7357 3790 1
2142 4359 2
6313 2991 6
6313 549 5
6313 3223 5
6313 2041 4
6313 19 1
6313 8071 1
6313 4140 1
6313 6771 1
584 4099 1
584 1618 1
584 7649 1
584 708 1
2251 3223 1
2251 2858 1
2755 7008 10
2755 7878 9
2755 8289 9
2755 4050 9
2755 2119 8
2755 2697 8
2755 2867 8
2755 753 7
2755 7264 7
2755 8238 7
2755 3223 6
5785 942 2
5785 2041 2
7672 7335 3
7672 3887 3
7672 8049 3
7672 2942 3
7672 4776 3
7672 3223 3
8082 4623 2
3211 5879 1
3211 1992 1
6144 3616 1
6661 2879 3
2839 2041 2
2839 4774 2
567 4549 3
567 2330 3
567 4285 3
567 4548 3
567 1590 3
567 2942 3
567 942 3
567 3223 3
567 5081 3
4320 889 1
4320 473 1
4320 5433 1
4320 2955 1
4320 6603 1
4320 1268 1
3509 6777 4
3509 2041 2
3509 6462 2
3509 3075 1
3509 7917 1
3509 2729 1
3509 104 1
3509 2942 1
3509 1038 1
3509 8238 1
3509 5358 1
3509 3547 1
3509 5338 1
6950 2104 1
6950 2958 1
6950 889 1
6950 3542 1
6950 3223 1
6950 2056 1
6950 1641 1
6950 7151 1
5573 624 1
5573 1110 1
5573 2998 1
5573 7680 1
5573 4386 1
5573 3223 1
5573 6090 1
5573 7420 1
5573 2942 1
273 1790 4
273 2330 4
273 3356 4
273 559 3
273 4600 3
273 4548 3
273 942 3
273 2942 3
273 284 3
273 6469 3
273 6788 1
943 7973 2
1152 2697 2
1152 4101 1
2122 4623 3
2122 3075 2
6393 8416 2
6393 4409 1
6393 473 1
6460 3356 1
225 7653 1
225 1641 1
225 1410 1
225 2797 1
225 1041 1
8400 809 1
7467 6036 3
7467 6123 2
7467 7542 2
7467 1450 2
3263 7745 5
3263 329 5
3263 3356 5
6781 1187 3
711 1187 2
711 6652 2
7353 1204 8
7353 8404 4
5605 2178 8
5605 3547 1
5605 1243 1
5605 7503 1
5605 612 1
5605 624 1
5605 1182 1
5605 2942 1
5605 7711 1
5605 1440 1
5605 6652 1
5605 2867 1
5605 5081 1
5605 1139 1
5605 1977 1
5605 2104 1
5447 6582 1
1285 2833 6
1285 4285 5
1285 3223 5
1285 8010 5
1285 329 4
1383 8010 4
1383 7478 4
1383 8049 4
1383 5922 3
1383 942 3
8027 1641 1
8027 364 1
1450 943 2
1450 297 2
1450 7467 2
1884 1590 1
1884 2538 1
1884 7653 1
6571 4283 1
6571 5484 1
6571 1555 1
6571 7653 1
6571 1618 1
6571 374 1
6571 209 1
6571 1590 1
6571 4722 1
6571 3773 1
6571 3296 1
6571 2521 1
6571 2538 1
6571 1440 1
372 8215 1
6106 7311 1
5625 2398 1
5625 8071 1
4177 3653 1
1840 6582 1
1840 6870 1
1840 7989 1
1840 2283 1
98 8215 1
529 3830 3
529 287 1
529 1410 1
529 1590 1
529 7478 1
529 1440 1
529 6457 1
2169 2538 1
2169 789 1
5090 6737 1
4612 2998 1
4612 3773 1
4612 815 1
4612 3616 1
4612 2697 1
155 7393 1
155 4285 1
155 3704 1
506 1590 1
6654 5524 1
6654 8300 1
7570 374 1
4324 3773 1
4324 8215 1
4324 789 1
4806 1590 1
4306 7177 2
4306 3547 1
1965 2074 1
6502 2386 1
2841 4569 1
7256 4285 3
7256 2178 3
7256 2879 3
6627 6809 1
6627 1396 1
7989 1590 1
6876 6627 1
6876 1041 1
6809 889 2
6809 13 2
6809 6627 1
6809 391 1
6809 2535 1
5161 3773 1
6079 1949 1
6079 4359 1
6079 1816 1
6079 5090 1
6079 5532 1
6079 385 1
6079 7068 1
2789 1589 1
3653 4177 1
1633 8000 1
1633 13 1
1633 7158 1
2729 1975 1
2729 2760 1
2729 8 1
2729 7393 1
2729 2705 1
2729 2958 1
2729 484 1
2729 8344 1
2729 3509 1
6698 3075 1
6698 8374 1
6698 1912 1
6698 181 1
6698 6788 1
6698 3567 1
6698 3288 1
6698 28 1
6698 3616 1
6698 1178 1
6698 386 1
6698 655 1
468 2521 1
8426 4285 1
8426 3390 1
8426 4724 1
8426 2510 1
8426 166 1
1176 3296 1
4096 7209 1
4096 4285 1
3094 612 1
1033 4820 8
1033 1104 8
1033 7703 8
1033 3223 5
1033 7890 5
1033 6296 5
1033 7335 3
1033 942 3
1033 2879 3
1033 3295 3
1033 297 3
1033 1027 1
1033 6826 1
1033 1161 1
1033 1440 1
1033 501 1
1033 3704 1
1033 296 1
1033 6771 1
2846 3541 1
8312 6917 1
8312 755 1
6259 1440 1
6259 689 1
6259 6174 1
5532 2521 1
5532 1816 1
5532 506 1
1584 159 1
1584 6248 1
4704 6991 1
4704 6313 1
4704 181 1
4704 3021 1
108 7653 1
108 3773 1
689 3708 1
689 2398 1
689 6771 1
689 5484 1
689 1027 1
689 6991 1
689 4834 1
689 755 1
689 715 1
689 7886 1
689 2074 1
689 3507 1
689 1555 1
689 1238 1
689 2867 1
689 2510 1
689 1206 1
689 7012 1
689 8034 1
689 7732 1
689 166 1
689 4148 1
689 6259 1
689 6424 1
689 3369 1
689 506 1
689 4890 1
689 424 1
689 3773 1
5918 2793 2
5918 1776 2
5918 5715 1
5918 2510 1
5918 1135 1
8034 2402 3
8034 1027 1
8034 2535 1
8034 3773 1
8034 3704 1
8034 4324 1
8034 689 1
8034 789 1
8034 2074 1
5295 2998 1
5295 2521 1
5295 4071 1
5295 3562 1
6123 297 2
6123 942 2
2899 7655 1
4660 1268 1
8012 8012 3
5811 2509 1
5811 4285 1
5811 6324 1
5811 4231 1
4686 386 1
4686 1589 1
5581 6313 1
5581 1027 1
5581 3773 1
5581 3704 1
702 3486 1
702 3296 1
6870 412 1
6870 10 1
6870 1840 1
3395 3547 1
3395 424 1
5118 5484 1
5118 5811 1
8126 1840 1
3671 7968 1
3671 624 1
3671 2386 1
3671 3780 1
3671 609 1
3671 3460 1
3671 1590 1
296 1440 1
296 7167 1
982 5484 1
1912 3487 1
1912 3075 1
1912 3223 1
1912 1308 1
1912 1268 1
1912 3356 1
1912 1069 1
1912 10 1
1912 942 1
1912 3092 1
1912 4099 1
1912 5358 1
1912 5054 1
1912 6652 1
1912 1416 1
1912 5932 1
1912 7264 1
1912 655 1
1912 2104 1
6511 225 1
259 3773 1
7068 755 1
7068 6079 1
2654 5484 1
2654 1618 1
2654 584 1
2654 1069 1
2654 506 1
2654 63 1
2773 6174 1
7966 155 1
5879 6783 1
5879 69 1
5879 3211 1
5879 7456 1
5879 1992 1
5879 3144 1
2073 10 1
4126 1590 1
4724 8426 1
4724 166 1
5454 2879 2
5454 2998 1
4627 1590 1
4627 7167 1
6150 5161 1
6658 2942 1
2147 6469 1
2147 2942 1
3288 6537 1
3288 2942 1
3288 7653 1
3288 4569 1
3288 6469 1
3288 603 1
4150 5813 1
4150 7511 1
4150 7963 1
8272 6537 1
6537 3542 1
6537 612 1
6537 624 1
6537 4827 1
6537 3075 1
6537 10 1
6537 4380 1
6537 3487 1
6537 158 1
6537 621 1
6537 5054 1
6537 7711 1
6537 8272 1
6537 7331 1
6537 1440 1
6537 1555 1
6537 3288 1
6537 7797 1
6537 8329 1
6537 4662 1
1163 2124 1
1163 8329 1
603 4336 1
603 3288 1
603 336 1
5164 5785 2
5164 4386 2
5164 7393 1
3668 7653 1
3668 8086 1
3668 6189 1
3668 7511 1
3668 1888 1
3668 7614 1
5275 5369 1
2056 1027 1
2056 2942 1
452 2887 1
452 2535 1
452 7886 1
452 7653 1
452 3486 1
452 3708 1
609 5484 1
1707 768 1
1707 8 1
3021 5484 1
3021 4409 1
3021 7478 1
3021 3223 1
3021 7653 1
3021 5100 1
6917 19 1
6917 7886 1
6917 53 1
6917 1437 1
4481 3777 1
4776 4097 3
4776 7672 3
4776 3223 2
4776 473 2
4776 7987 2
3892 8000 1
3892 7653 1
7408 7985 1
7408 4071 1
7408 6608 1
7408 8189 1
5760 2521 1
5760 1440 1
5760 756 1
5760 2899 1
5760 7655 1
5760 8259 1
5760 305 1
5760 1070 1
5760 7538 1
5435 1410 1
5435 3542 1
5435 841 1
5435 3952 1
5435 123 1
5435 110 1
5435 1163 1
5435 1677 1
5435 1452 1
5435 3974 1
1070 1428 1
1070 4834 1
1070 8259 1
1070 756 1
1070 5760 1
1070 7538 1
1070 7655 1
5230 6296 4
5230 2975 4
5230 2998 4
5230 3547 4
5230 6005 3
5230 4285 3
5230 7890 3
5230 1226 3
5230 8137 3
166 1590 1
166 6698 1
166 1027 1
166 7886 1
166 3486 1
166 4724 1
166 584 1
166 689 1
166 108 1
166 3205 1
166 6174 1
5050 2958 2
3827 600 1
3827 7780 1
1334 4237 1
1334 4285 1
1334 8426 1
1334 5216 1
1334 2494 1
1334 19 1
1334 7393 1
8139 3682 1
1918 896 1
1784 8374 1
1784 4722 1
1784 5185 1
1784 5706 1
1784 374 1
1784 8175 1
1784 2020 1
1784 6324 1
1784 2339 1
1784 133 1
1784 7309 1
1784 7471 1
8189 7567 2
8189 473 1
8189 7987 1
8189 702 1
4328 5338 1
4328 2942 1
4328 7438 1
7294 8298 1
396 5813 1
7209 7653 1
1470 7304 4
2124 1163 1
2124 7309 1
634 6307 1
634 3390 1
634 225 1
634 5358 1
634 2951 1
634 2086 1
634 2455 1
53 3973 1
53 5979 1
5831 3223 2
5831 6469 1
1816 6079 1
1816 1027 1
1816 225 1
1816 1069 1
1816 108 1
1816 7653 1
3521 3542 1
3521 7968 1
3521 194 1
1452 3486 1
1452 5435 1
1452 4481 1
1452 4328 1
1452 2104 1
5825 5137 1
3802 7478 1
3802 529 1
6324 5185 1
6324 1784 1
6324 2339 1
6324 7309 1
7311 6106 1
2509 5811 1
7984 5369 1
7984 768 1
7984 3542 1
7984 4336 1
6643 4623 2
6643 6619 2
6643 1027 2
6643 3487 2
6643 5785 2
6643 942 2
6643 7987 2
6643 3830 2
6643 889 2
6643 943 2
6643 5433 2
6643 3075 1
6643 110 1
6643 4380 1
6643 1139 1
6643 2963 1
6643 7653 1
6643 6469 1
6643 8508 1
6643 1555 1
6643 2797 1
6643 4409 1
6643 1041 1
6643 1590 1
6643 7737 1
6643 7478 1
412 6469 1
412 7711 1
3889 2025 1
3889 7357 1
757 1555 1
8479 2104 1
8479 942 1
8479 4409 1
8479 5369 1
8479 6582 1
8479 104 1
8479 4743 1
3323 2305 1
3402 4050 1
3402 7335 1
3402 743 1
3402 5369 1
3402 889 1
3402 3830 1
3402 5073 1
3402 2975 1
3402 3616 1
2734 113 2
2734 2879 1
2734 1707 1
2734 6582 1
2734 10 1
3790 7357 1
3790 225 1
3790 1033 1
3790 19 1
3790 1440 1
3790 4555 1
3790 4826 1
3790 6189 1
3790 4834 1
3790 1069 1
3790 7653 1
3790 2773 1
3500 2998 1
3500 1443 1
8298 7294 1
2929 6313 1
2929 1590 1
2929 3973 1
8000 942 1
8000 3952 1
8000 10 1
8000 13 1
8000 4772 1
8000 4380 1
8000 7653 1
8000 5054 1
8000 181 1
8000 3486 1
8000 7158 1
8000 1416 1
8000 1839 1
8000 1633 1
8000 7264 1
8000 4600 1
3833 5508 1
3833 104 1
3833 5191 1
3973 1590 1
3973 4328 1
3973 2929 1
3973 53 1
3973 1161 1
429 195 1
63 4099 1
63 584 1
63 7649 1
63 708 1
869 4386 1
869 815 1
869 4464 1
7780 3827 1
655 1027 1
655 3904 1
655 6698 1
655 1912 1
655 3507 1
655 7151 1
655 2867 1
655 4071 1
655 1069 1
655 2832 1
5289 5715 1
4834 3547 1
4834 1618 1
4834 3390 1
4834 3554 1
4834 2086 1
4834 5813 1
4834 2867 1
4834 7655 1
4834 6760 1
4834 8259 1
4834 689 1
4834 3790 1
4834 1178 1
4834 1070 1
4834 133 1
4834 6433 1
4834 1069 1
2455 6090 2
2455 529 2
2455 1590 2
2455 6652 1
2455 2339 1
2455 3390 1
2455 225 1
2455 5358 1
2455 4328 1
2455 2951 1
2455 2086 1
2455 1888 1
2455 3029 1
2455 8296 1
2455 374 1
2455 4409 1
2455 6307 1
2455 4148 1
2455 7614 1
2455 5338 1
3550 6036 1
3550 7335 1
3550 299 1
4283 942 4
5185 4722 1
5185 5706 1
5185 1784 1
5185 2020 1
5185 2339 1
5185 7309 1
3099 2046 2
4437 4684 1
7331 942 2
7331 1831 2
7331 2998 2
7331 6537 1
4684 8173 2
4684 942 1
4684 6090 1
1069 7198 1
1069 1912 1
1069 7653 1
1069 1816 1
1069 3390 1
1069 7732 1
1069 3790 1
3362 5508 1
5618 942 2
5618 4772 1
6760 4834 1
6760 168 1
6760 5618 1
6760 6324 1
2339 4328 1
2339 5185 1
2339 5706 1
2339 374 1
2339 8175 1
2339 1784 1
2339 2020 1
2339 2391 1
2339 133 1
2339 7309 1
2339 7471 1
7677 7503 1
7677 6643 1
7677 1410 1
7677 7879 1
7677 2495 1
5508 1975 1
5508 4320 1
5508 7970 1
5508 4827 1
5508 7653 1
4231 564 1
1416 5457 1
1416 942 1
1416 3104 1
1416 655 1
1416 8 1
1416 1618 1
1416 1912 1
1416 2025 1
1416 4336 1
1416 624 1
1416 8027 1
1416 1590 1
1416 1027 1
1416 4050 1
1416 1440 1
1416 1869 1
1416 2373 1
1416 3575 1
1416 1977 1
1416 42 1
1589 2789 1
1589 8071 1
3575 7693 1
3029 6353 1
3029 991 1
3029 8296 1
1869 1163 1
1212 3830 2
1212 2142 2
1212 8129 2
793 5025 1
8367 5369 2
8367 7567 2
8367 8201 2
8367 1840 2
8367 2793 2
8367 104 2
8367 5433 2
8367 6237 2
8367 889 2
8367 8238 2
8367 7393 2
8367 923 2
8367 3223 2
8367 7264 2
8367 5081 2
8367 6090 2
8367 7987 2
8367 110 2
8367 8000 2
8367 6644 2
8367 493 2
8367 1425 2
8367 1555 2
8367 1104 2
8367 5995 2
8367 8228 2
8367 4623 2
8367 3520 2
8367 2958 2
8367 7478 2
8367 4600 2
8367 4363 2
8367 2404 2
8367 5380 2
8367 3554 2
8367 4774 2
8367 3780 2
8367 2283 2
8367 1027 1
158 19 1
158 2240 1
2449 8464 1
2449 1840 1
4250 3542 1
4250 1011 1
4250 5258 1
4250 3915 1
3147 3547 1
3147 110 1
370 19 1
4653 1027 1
4653 7653 1
4653 1555 1
4653 6469 1
5886 2815 1
7051 6341 1
1328 2879 2
1328 7478 2
1328 7454 2
1328 104 1
1328 2998 1
8269 2867 2
8269 4285 2
7102 624 1
7102 7653 1
284 273 1
284 5605 1
2835 5879 1
2835 7456 1
2835 3144 1
386 5185 1
386 4716 1
386 4722 1
386 4686 1
386 2104 1
7655 756 1
7655 2899 1
7655 8259 1
7655 5760 1
7655 1070 1
7655 7538 1
8268 1027 1
6803 6643 1
6803 5358 1
6803 4409 1
1074 2398 1
5771 5358 1
5771 7151 1
5771 1440 1
4297 942 1
4297 5369 1
4297 4772 1
4842 3542 2
4842 1212 1
1109 4385 2
1109 942 2
1990 2998 1
1990 4532 1
841 7970 2
1473 6771 1
1473 5879 1
1473 3157 1
1473 1992 1
7358 757 1
7358 6537 1
7358 1139 1
7358 762 1
4140 1590 1
4140 1437 1
5504 1135 2
1475 3390 1
1475 2951 1
1475 4148 1
1896 2072 5
3731 6777 4
3731 5025 1
7596 3390 1
7596 225 1
7596 5358 1
3974 4716 1
3974 4099 1
3567 4409 1
3567 6698 1
3567 8300 1
5838 4359 1
6285 942 1
6285 889 1
6285 2998 1
6285 2165 1
6285 1711 1
6285 6952 1
6285 3075 1
6285 2251 1
6285 5164 1
6285 4743 1
6285 1132 1
6285 5081 1
1314 7335 1
5715 5918 7
5715 3727 1
5715 822 1
5715 5289 1
69 6783 1
69 5879 1
69 4285 1
69 7456 1
69 2835 1
3957 308 2
3958 3842 2
5244 3957 2
5244 2041 2
5244 2283 2
8213 6178 2
8213 2867 2
8213 8069 2
8213 1065 2
8213 8197 2
8213 473 2
1776 2879 2
1776 5358 2
1776 624 2
1776 5918 2
1776 2793 2
1776 4385 2
8464 8464 3
8464 2072 3
8464 3830 1
8464 1027 1
8464 815 1
8464 8000 1
8464 3486 1
8464 2449 1
8474 7653 1
2629 1512 1
2629 2797 1
2629 336 1
8197 2867 3
8197 8511 3
8197 2404 3
8197 2178 3
8197 7335 3
8197 4285 3
8197 6036 3
8197 6469 3
8197 3842 3
8197 2879 3
8197 2041 3
8197 942 3
8197 3913 3
8197 8213 2
8135 6744 1
8173 5358 4
8173 4684 2
6240 2942 2
6240 2879 2
6240 7467 2
6240 624 2
6240 6090 2
6240 666 2
6240 2998 1
2086 3547 1
2086 4834 1
2086 3390 1
2086 5625 1
2086 8296 1
2086 3802 1
2086 7456 1
2086 4716 1
2086 3564 1
2086 991 1
2086 4101 1
2086 5813 1
2086 873 1
2086 655 1
2086 2455 1
2086 634 1
6687 163 1
6687 133 1
6687 6324 1
6687 5706 1
6687 2391 1
6687 7309 1
896 1918 1
3587 4827 2
3587 7085 2
7085 942 2
7085 299 2
7085 5369 2
7085 7437 2
7085 8129 2
7085 4692 2
3013 889 2
3013 6090 2
3013 3542 2
3013 5081 2
7693 13 1
7693 3575 1
3887 2833 3
3887 2823 3
3887 7672 3
3887 942 3
3887 473 3
3887 7760 3
3887 6027 3
3887 4246 3
3887 7420 3
3887 297 3
3887 6642 3
6034 8259 2
6034 5369 2
6034 2793 2
6034 2879 2
6034 7335 2
6034 2867 2
6034 473 2
8307 4336 3
8307 2281 2
8055 5025 2
3893 5785 2
3893 3295 2
3893 3957 2
3893 6469 2
3893 1590 2
4985 7264 2
4985 308 2
4985 2328 2
7239 2958 1
4418 8049 3
4418 942 3
4418 815 1
4418 4774 1
4418 1243 1
4418 1473 1
4418 7478 1
4418 624 1
1248 1243 2
1248 1590 2
2456 4285 2
5124 8259 5
5124 4285 2
5815 4623 2
5815 3075 1
310 473 1
1580 6619 2
1580 1410 2
254 7760 3
254 1226 3
254 2263 3
254 4285 3
4078 7409 3
2527 2975 2
7725 942 3
7725 8472 3
7725 4285 3
7725 7760 3
7725 7264 3
4744 1988 4
4744 3842 4
6241 6005 3
2171 6469 3
2171 187 2
2171 2283 2
7682 2716 3
7682 2231 1
5835 2034 4
5835 2263 3
2971 1226 1
2494 7478 1
2494 4774 1
2494 1065 1
5299 2556 7
1774 2697 3
1774 2305 3
1774 2879 3
1774 3830 3
6737 1027 1
6737 3566 1
6737 5706 1
6737 1784 1
6737 1371 1
7917 2942 3
7917 8501 3
7917 2879 3
7917 4549 3
7917 2339 2
7917 5967 1
7917 3509 1
7917 3584 1
1787 889 3
1787 6771 1
1787 3209 1
1787 1618 1
3637 1590 1
2175 1790 4
2175 2404 4
7281 473 4
194 1139 1
194 3521 1
5355 2104 1
5355 5358 1
5355 6537 1
5355 3737 1
6676 6237 4
6676 942 2
2820 424 4
5064 4774 7
5064 8284 7
5064 1425 4
5064 1779 3
2242 6641 1
1512 3780 1
1512 2629 1
8434 1636 6
8434 2697 6
8434 7282 5
6244 1590 1
6244 2832 1
672 329 5
6756 7282 6
373 329 6
5354 5241 8
5354 7187 7
5354 7335 7
2269 4774 6
3800 3842 7
3800 7335 7
4479 2867 9
4479 6565 8
4479 1104 8
4479 4285 8
4479 4774 7
4479 2119 7
4479 3223 7
8502 4774 7
6749 7264 8
6749 7187 7
6749 753 7
2391 4722 1
2391 5185 1
2391 5706 1
2391 163 1
2391 2020 1
2391 2339 1
2391 133 1
2391 7309 1
6380 4526 9
6380 2879 9
6380 2404 9
304 1430 9
304 1104 9
304 7503 9
304 8289 9
304 2832 9
304 2119 9
304 3223 9
304 4820 9
3657 2521 1
4452 308 10
4452 1555 10
4452 2072 10
4452 3174 10
4452 7745 9
4452 7335 9
4452 2813 9
4452 2178 9
4452 2034 9
4452 7878 9
4452 1104 9
4452 3223 9
4452 2879 9
4452 753 9
5131 2879 9
5131 7745 9
5131 1104 9
5131 1308 9
5131 4820 9
5131 7502 9
3871 3616 2
1395 2084 10
1395 4820 10
2763 7290 2
2763 5881 2
2763 6272 2
8439 4285 7
4532 308 2
4532 391 2
4532 8189 1
4532 5369 1
4532 1990 1
4532 2655 1
4532 8 1
4532 7711 1
4532 5433 1
4532 4804 1
4532 6090 1
4532 942 1
4532 624 1
4532 7970 1
4532 1069 1
4532 7542 1
4532 1975 1
4532 2998 1
4532 1711 1
4532 110 1
4532 3520 1
4532 13 1
4532 5081 1
4532 5887 1
7158 8000 1
7158 7335 1
7158 13 1
7158 2942 1
7158 213 1
7158 1633 1
7158 8101 1
7158 4600 1
6771 6313 1
6771 1590 1
6771 7653 1
6771 1033 1
6771 3507 1
6771 3704 1
6771 2951 1
6771 809 1
6771 3157 1
6771 1473 1
6771 7012 1
6771 6737 1
6771 689 1
6771 1437 1
6771 336 1
6771 3708 1
6771 5879 1
6771 1992 1
5582 7886 1
5582 809 1
5582 6174 1
1161 3973 1
1161 7886 1
1161 3773 1
1161 1041 1
1161 1590 1
1161 4177 1
1161 6424 1
1161 3708 1
5216 7631 1
5216 7478 1
5216 19 1
5216 13 1
5216 2797 1
5216 7065 1
5216 1334 1
5216 248 1
5216 1206 1
5216 6511 1
5216 3369 1
2618 6307 1
2618 7653 1
2618 4722 1
2618 7334 1
2618 4826 1
2618 4735 1
2618 2455 1
2618 7596 1
2618 8295 1
7198 8000 1
7198 8374 1
7198 4336 1
7198 2951 1
7198 1069 1
206 4409 1
206 1590 1
206 1027 1
206 742 1
206 2521 1
206 5185 1
206 1641 1
206 3486 1
206 2797 1
206 1618 1
206 374 1
206 6046 1
206 2339 1
206 447 1
2951 8295 1
2951 1475 1
2951 1514 1
2951 991 1
2951 3390 1
2951 5358 1
2951 2086 1
2951 634 1
2951 5338 1
2951 3029 1
2951 1589 1
2951 8296 1
2951 4148 1
2951 3562 1
5100 4285 1
5100 2867 1
5100 1618 1
5100 374 1
5100 584 1
2458 1027 1
2458 651 1
2458 3773 1
2458 3296 1
2458 789 1
6307 10 1
6307 1440 1
6307 634 1
6307 4328 1
6307 7596 1
7438 5369 1
7438 3390 1
7438 3777 1
7438 7570 1
5979 1680 1
5979 3507 1
5979 53 1
4101 7478 1
4101 8321 1
4101 1152 1
4101 2086 1
4101 213 1
4101 6511 1
4101 4177 1
771 3542 1
771 1027 1
771 5123 1
8475 6582 1
8475 6003 1
8475 1839 1
264 6090 1
2705 13 1
2705 2729 1
5007 942 1
5007 4409 1
5007 7437 1
1723 7065 1
2788 1027 1
7065 5216 1
7065 1027 1
7065 3486 1
2510 6571 1
2510 1027 1
2510 19 1
2510 7653 1
2510 8426 1
2510 1440 1
2510 5625 1
2510 3296 1
2510 689 1
2510 5678 1
2510 1161 1
2510 5918 1
324 4285 3
324 4201 2
324 5881 2
324 4288 2
324 3387 1
324 2786 1
324 1410 1
324 8010 1
5528 1584 1
1198 1677 1
5578 2961 2
756 2104 1
756 942 1
756 2899 1
756 7655 1
756 8259 1
756 5760 1
756 1070 1
756 7538 1
5127 123 1
5127 3974 1
6744 8135 1
248 5216 1
248 2464 1
865 6003 2
865 793 2
7801 8321 1
7801 6244 1
1487 7151 1
1711 6285 1
1711 3051 1
1711 1662 1
1711 6952 1
1711 3313 1
1711 4532 1
1711 4454 1
2258 5338 1
2258 3542 1
2258 6537 1
2258 6289 1
822 1487 1
822 5715 1
822 5118 1
822 4890 1
4659 1187 1
3468 3462 1
3468 3542 1
3468 113 1
7538 1440 1
7538 756 1
7538 2899 1
7538 7655 1
7538 8259 1
7538 5760 1
7538 3356 1
504 3356 1
778 7393 1
778 8215 1
778 8101 1
1132 6285 1
1132 3313 1
7511 4569 1
7511 5383 1
6424 755 1
6424 1161 1
6424 689 1
3104 243 1
991 4328 1
991 2951 1
991 2455 1
991 1589 1
991 8296 1
5360 287 1
5360 6582 1
4148 1475 1
4148 225 1
4148 991 1
4148 2951 1
4555 7653 1
4555 5054 1
4555 3486 1
4555 3790 1
4555 2832 1
1514 4722 1
1514 2951 1
1178 4834 1
1178 6698 1
1178 2281 1
1178 7538 1
42 71 1
1006 473 1
3387 7076 1
3387 7357 1
3387 324 1
3157 6771 1
3157 1912 1
3157 3704 1
3157 1473 1
3157 1992 1
2961 2879 3
2961 5578 2
3313 6285 1
3313 910 1
3313 6090 1
3313 1711 1
3313 1662 1
3313 6952 1
3313 1132 1
2816 666 1
2816 163 1
7862 2786 1
7862 2317 1
7920 7503 1
3140 7570 1
7471 3542 1
7471 4722 1
7471 5185 1
7471 5706 1
7471 8175 1
7471 1784 1
7471 163 1
7471 2020 1
7471 6324 1
7471 2339 1
7471 2391 1
7471 4231 1
7471 133 1
7471 7309 1
7471 6687 1
6770 1555 1
6770 6046 1
247 6876 1
2464 7393 1
2464 248 1
8296 991 1
8296 4328 1
8296 2951 1
8296 5715 1
8296 2455 1
8296 3029 1
3787 1555 1
2049 2832 1
3562 2951 1
2020 5185 1
2020 1784 1
2020 6324 1
2020 4722 1
2020 5706 1
2020 8175 1
2020 163 1
2020 2339 1
2020 2391 1
2020 133 1
2020 7309 1
2020 7471 1
2020 6687 1
6272 1790 2
3777 6307 1
3777 5813 1
3777 1555 1
3777 7438 1
3777 4481 1
3777 1139 1
564 4231 1
910 3313 1
555 6003 1
133 4834 1
133 5706 1
133 8175 1
133 1784 1
133 2020 1
133 2339 1
133 2391 1
133 7309 1
133 7471 1
133 6687 1
8295 3542 1
8295 2951 1
7614 225 1
7614 6189 1
7614 1888 1
7614 3668 1
7614 6744 1
4716 2223 1
4716 3974 1
4716 386 1
936 4409 1
936 159 1
1888 6189 1
1888 3668 1
1888 7614 1
305 7542 1
305 3390 1
305 1618 1
305 584 1
305 5760 1
5137 2104 1
829 8321 1
829 4328 1
6826 1033 1
6826 3704 1
7037 8189 1
7037 6178 1
7796 7076 1
7796 4152 1
5383 287 1
5383 5813 1
5383 7511 1
3998 287 1
2342 7511 1
2342 6433 1
520 7879 1
520 4826 1
6952 6285 1
6952 1711 1
6952 3075 1
3042 7725 4
3042 3904 1
3042 110 1
3042 4772 1
3042 3390 1
3042 5369 1
1662 1711 1
1662 6952 1
1662 3313 1
6450 1641 1
5258 4250 1
5258 4581 1
5258 1011 1
5258 3915 1
5258 5322 1
2368 3547 1
5821 3140 1
5821 1555 1
1992 6771 1
1992 5879 1
1992 3211 1
1992 3157 1
2679 3116 1
2679 6174 1
5587 4569 1
5587 5810 1
5587 6046 1
6248 5528 1
6248 1584 1
163 2816 3
163 4722 1
163 396 1
163 5706 1
6289 6353 1
6289 2258 1
708 4099 1
708 584 1
708 63 1
6030 8086 1
7543 3021 1
7649 4099 1
7649 584 1
7649 63 1
364 8027 1
364 1641 1
364 1898 1
3386 1641 1
6783 5879 1
6783 69 1
71 42 1
5810 1564 1
5810 5587 1
3995 4827 1
1994 4409 1
2495 7677 1
1556 8000 1
5322 5258 1
5322 4581 1
5322 1011 1
5322 3915 1
1011 5258 1
1011 4250 1
1011 4581 1
1011 3915 1
1011 5322 1
3915 4581 1
3915 1011 1
3915 5258 1
3915 5322 1
4581 5258 1
4581 1011 1
4581 3915 1
4581 5322 1
4581 163 1
