2554 2554 3
4548 1228 2
4548 4827 1
4548 1903 1
905 7351 11
905 4714 11
1903 4548 1
3427 2554 2
6580 2554 4
6580 4124 3
2225 5112 1
2225 4320 1
4077 4548 4
4870 6691 1
6938 5198 1
6938 4870 1
6938 4077 1
969 2554 3
969 4124 2
5198 6938 1
5575 4077 1
7846 2225 10
7846 7351 10
6691 4870 1
2926 905 2
286 6698 1
4913 5198 1
4124 6580 3
4124 969 2
4124 4827 2
4827 4124 7
4827 2554 2
4827 4548 2
5338 1682 1
5338 6662 1
3109 2554 2
1228 1903 2
1228 4548 2
1391 2078 1
6813 1903 1
4714 905 11
7351 905 11
7351 7846 10
2760 1903 1
6010 5685 2
1244 2554 4
4536 3427 2
3509 5338 1
6698 286 1
5112 4077 1
5112 3109 1
5112 2225 1
3669 8197 3
3669 3133 1
314 7860 1
3013 905 2
816 3669 1
816 4870 1
6684 1682 1
829 1682 1
