7492 5009 7
7492 1187 6
7492 7659 6
7492 8354 6
7492 5985 6
7492 803 6
7492 2928 6
7492 7045 5
7492 3849 5
7492 3916 4
7492 7484 4
7492 3350 4
7492 5599 4
7492 5241 4
7492 8122 4
7492 969 4
7492 3007 4
7492 8436 3
7492 87 3
7492 3819 3
7492 4590 3
7492 3397 3
7492 5329 3
7492 441 3
7492 3798 3
7492 5793 3
7492 3577 3
7492 6485 3
7492 4124 3
7492 118 3
7492 7760 2
7492 2898 2
7492 1720 2
7492 5159 2
7492 2041 2
7492 7383 2
7492 2801 2
7492 1226 2
7492 1903 2
7492 5116 2
7492 8251 2
7492 308 2
7492 1405 2
7492 1525 2
7492 33 2
7492 3542 2
7492 7510 2
7492 1184 2
7492 7264 1
7492 4666 1
7492 473 1
7492 8142 1
7492 8461 1
7492 5523 1
7492 1719 1
7492 5614 1
7492 942 1
7492 4586 1
7492 7393 1
7492 5590 1
7492 2461 1
3178 5985 6
3178 5089 5
3178 1525 5
3178 1664 5
3178 3819 5
3178 4548 4
3178 3577 4
3178 1719 4
3178 5241 4
3178 2702 4
3178 3397 4
3178 7510 4
3178 5687 1
3178 3109 1
3178 3542 1
3178 6217 1
3178 5455 1
3178 4578 1
3577 2566 8
3577 7008 8
3577 4184 5
3577 7484 5
3577 3397 5
3577 473 4
3577 5793 3
3577 942 3
3577 4774 3
3577 7492 3
3577 3577 3
3577 4124 3
3577 7751 2
3577 19 2
3577 1226 2
3577 4383 2
3819 7008 9
3819 753 8
3819 6890 7
3819 2856 7
3819 5985 7
3819 7264 7
3819 8354 7
3819 7510 6
3819 7659 6
3819 3916 6
3819 7556 5
3819 1686 5
3819 4184 5
3819 3318 5
3819 3350 5
3819 2404 4
3819 3397 4
3819 6217 4
3819 7492 3
3819 942 3
3819 1525 2
5985 5523 11
5985 8142 10
5985 8354 10
5985 5599 10
5985 308 9
5985 583 9
5985 5329 8
5985 3844 8
5985 3845 8
5985 3819 7
5985 3842 7
5985 4548 7
5985 2702 7
5985 3784 7
5985 5009 7
5985 1225 7
5985 7264 7
5985 2856 7
5985 2002 7
5985 4594 7
5985 3318 7
5985 7008 7
5985 942 6
5985 3798 6
5985 3427 6
5985 5089 6
5985 1525 6
5985 3238 6
5985 8010 6
5985 7492 6
5985 4590 6
5985 6890 6
5985 3397 6
5985 6166 6
5985 1719 6
5985 7510 6
5985 4184 5
5241 2702 7
5241 4004 7
5241 3497 7
5241 5329 6
5241 6890 5
5241 1903 5
5241 3318 4
5241 3350 4
5241 3178 4
5241 7492 4
5241 1525 4
5241 1719 4
5241 4590 3
5241 2801 3
5241 118 3
5241 7510 3
5241 1720 3
5241 4548 3
5241 942 3
5241 4666 3
5241 3525 3
5241 1258 3
1719 308 10
1719 8354 9
1719 3546 8
1719 3784 8
1719 3497 7
1719 6890 6
1719 5985 6
1719 803 6
1719 8142 5
1719 5089 5
1719 3318 5
1719 4184 4
1719 3397 4
1719 2404 4
1719 8169 4
1719 5241 4
1719 7760 3
1719 7808 3
1719 6166 2
1719 5329 2
1719 1525 2
1719 8461 2
1719 3798 2
1719 7492 1
5089 8227 10
5089 308 10
5089 583 9
5089 3397 7
5089 2566 7
5089 7751 7
5089 8061 6
5089 5329 6
5089 7008 6
5089 7351 6
5089 7728 6
5089 6628 6
5089 5985 6
5089 821 5
5089 8221 5
5089 803 5
5089 858 5
5089 5614 5
5089 3178 5
5089 4184 5
5089 1719 5
5089 5159 5
5089 6166 5
5089 8169 5
5089 942 5
5089 1525 5
5089 2404 5
7008 3845 11
7008 748 11
7008 8010 10
7008 3798 10
7008 3546 10
7008 2030 10
7008 308 10
7008 7846 9
7008 8439 9
7008 5159 9
7008 5599 9
7008 3819 9
7008 1525 8
7008 7351 8
7008 1380 8
7008 942 8
7008 7045 8
7008 2002 7
7008 3397 7
7008 7556 7
7008 5009 7
7008 1225 7
7008 7264 7
7008 4774 7
7008 8061 7
7008 5985 7
7008 8221 6
7008 3577 6
7008 5089 6
7008 803 6
5599 5614 9
5599 2248 9
5599 8227 9
5599 5985 9
5599 308 9
5599 583 9
5599 2856 8
5599 753 8
5599 4184 5
5599 1345 5
5599 3318 5
5599 7492 4
5599 7176 2
5599 7393 2
5599 1550 2
942 3784 8
942 5985 7
942 3849 5
942 7510 5
942 4004 5
942 1686 5
942 5089 5
942 6217 5
942 1359 4
942 7383 4
942 8010 4
942 1062 4
942 942 4
942 2702 4
942 3542 4
942 3577 4
942 5364 4
942 3819 3
942 4590 3
942 3397 3
942 333 3
942 5241 3
942 8221 3
942 3007 3
942 6166 3
942 891 2
942 4440 2
942 8019 2
942 7760 2
942 2898 2
942 6890 2
942 473 2
942 5464 2
942 4124 2
942 3036 2
942 505 2
942 3798 2
942 5329 2
942 1187 2
942 920 2
942 1720 2
942 1525 2
942 7973 2
942 2801 2
942 7972 1
942 2041 1
942 118 1
942 4666 1
942 1422 1
942 8461 1
942 2461 1
942 5477 1
942 385 1
942 2942 1
942 5110 1
942 7492 1
942 5662 1
942 4586 1
1525 8354 11
1525 7008 8
1525 2566 8
1525 2002 8
1525 2856 8
1525 3845 8
1525 2702 8
1525 3497 7
1525 1720 7
1525 6890 7
1525 4590 6
1525 5985 6
1525 3178 5
1525 5241 5
1525 5089 5
1525 3819 5
1525 473 3
1525 7751 3
1525 7510 3
1525 942 3
1525 7264 3
1525 6166 3
1525 1187 2
1525 8461 2
1525 7513 2
1525 5329 2
1525 4548 2
1525 7492 2
1525 8142 2
1525 1719 2
1525 3397 2
1525 5159 2
1525 7383 1
1525 1405 1
1525 5477 1
1525 3798 1
4590 308 11
4590 8227 11
4590 6890 11
4590 583 11
4590 748 11
4590 5159 9
4590 2856 9
4590 3845 8
4590 7760 8
4590 5614 8
4590 3318 7
4590 5985 6
4590 3397 4
4590 5241 3
4590 1525 3
4590 7492 3
4590 7264 3
4590 7510 3
4590 942 3
3397 3546 11
3397 748 11
3397 308 9
3397 6578 9
3397 2002 9
3397 1225 8
3397 821 7
3397 5009 6
3397 7008 6
3397 7773 6
3397 6628 6
3397 6441 6
3397 4548 6
3397 803 6
3397 635 6
3397 3803 6
3397 5985 6
3397 5089 5
3397 8061 5
3397 4060 5
3397 3819 4
3397 4590 4
3397 8515 4
3397 5192 4
3397 5329 4
3397 4600 4
3397 6890 4
3397 8169 4
3397 3577 4
3397 5640 4
3397 3798 4
3397 3427 4
3397 2034 4
3397 6217 4
3397 7808 4
3397 7264 4
3397 8436 3
3397 7751 3
3397 7492 3
3397 942 3
3397 473 3
3397 3845 3
3397 1226 3
3397 1590 3
3397 7760 3
3397 3735 3
3397 920 3
3397 2801 3
3397 891 3
3397 6509 3
3397 6166 2
3397 1525 2
3397 1405 2
3397 7987 2
3397 118 2
3397 3907 2
3397 1187 2
3397 2041 2
3397 1720 2
3397 4465 2
3397 4774 2
3397 1719 2
3397 4440 2
3397 3842 2
3397 3007 2
3397 4586 2
3397 8461 2
3397 1113 2
3397 2404 2
3397 5159 2
3397 2675 1
3397 2942 1
3397 1194 1
3397 7510 1
3397 3477 1
3397 3525 1
3397 583 1
3397 5477 1
3397 7972 1
3397 2993 1
3397 3178 1
3397 2569 1
3397 6487 1
3397 939 1
3397 5687 1
7510 3546 9
7510 5985 8
7510 3542 8
7510 3497 8
7510 3238 8
7510 4184 8
7510 3784 7
7510 1525 6
7510 4124 6
7510 3819 6
7510 1686 6
7510 3350 5
7510 7513 5
7510 942 5
7510 6890 4
7510 7492 4
7510 3798 4
7510 4590 3
7510 5241 3
7510 8142 3
7510 473 3
7510 4548 3
7510 5159 3
7510 5329 3
7510 2993 2
7510 2942 2
7510 8461 1
4774 7760 9
4774 5159 9
4774 7008 7
4774 803 7
4774 5089 5
4774 3397 5
4774 8169 4
4774 8221 3
4774 6166 3
4774 2404 2
4774 8436 1
4774 473 1
4774 1700 1
7264 3332 11
7264 1225 10
7264 7473 10
7264 5009 10
7264 4774 10
7264 5598 10
7264 308 10
7264 3577 8
7264 3845 8
7264 2566 8
7264 7760 7
7264 8010 7
7264 1221 7
7264 753 7
7264 2002 7
7264 7351 7
7264 5329 7
7264 3819 7
7264 10 7
7264 4004 7
7264 143 7
7264 7008 7
7264 5985 7
7264 2114 7
7264 3784 7
7264 8169 7
7264 3760 7
7264 3497 7
7264 2856 7
7264 1859 7
7264 4594 7
7264 3322 6
7264 4590 4
7264 7409 3
7264 2935 3
7264 3427 3
7264 6166 3
7264 3798 3
7264 473 3
7264 3397 2
7264 920 2
7264 1187 2
7264 3007 2
7264 1525 2
7264 5159 2
7264 8461 2
7264 7492 1
1187 7492 6
1187 1062 6
1187 3397 3
1187 2942 3
1187 7760 3
1187 1525 2
1187 7203 2
1187 118 2
1187 7510 2
1187 4586 2
1187 1943 2
1187 7264 2
1187 8515 2
1187 942 2
1187 308 2
1187 1405 2
1187 5687 2
1187 3284 1
3318 5985 7
3318 8504 5
3318 8354 5
3318 3819 5
3318 7035 5
3318 1194 5
3318 3702 5
3318 5241 4
3318 67 4
3318 5599 4
4548 5985 7
4548 3798 3
4548 7760 3
4548 7510 3
4548 1719 3
4548 1525 2
4548 2993 2
4548 1720 2
4548 2778 2
4548 5464 2
4548 1405 1
4548 8276 1
4548 1903 1
4548 5400 1
7760 821 11
7760 4774 9
7760 2485 9
7760 1187 9
7760 891 8
7760 3546 8
7760 2002 8
7760 969 8
7760 5523 8
7760 2856 8
7760 7351 8
7760 4590 8
7760 7659 8
7760 7264 7
7760 3397 5
7760 1719 3
7760 8221 3
7760 4548 3
7760 3798 3
7760 4124 3
7760 6166 2
7760 7492 2
7760 2801 2
7760 942 2
3007 2566 9
3007 1225 9
3007 7351 9
3007 3845 9
3007 5159 9
3007 3318 5
3007 8010 4
3007 308 4
3007 7492 4
3007 4124 3
3007 3798 3
3007 2942 3
3007 1525 3
3007 8276 3
3007 8251 3
3007 7264 3
3007 5464 3
3007 3427 3
3007 942 3
3007 473 2
3007 4548 2
3007 5088 2
3007 1720 2
3007 5477 2
3007 1719 2
3007 5455 2
3007 2778 2
3007 666 1
3007 2569 1
3007 3163 1
3007 1405 1
3007 1903 1
3007 1036 1
3007 5329 1
3007 7828 1
3007 168 1
3007 310 1
3007 1890 1
3007 2600 1
3007 7219 1
3007 4803 1
3007 6978 1
3007 1354 1
3007 7305 1
3007 2998 1
3007 8321 1
3007 6813 1
3007 4053 1
3007 3542 1
3007 743 1
3007 1590 1
3007 6574 1
3007 5590 1
3007 389 1
3007 4634 1
3007 3178 1
3007 6255 1
3007 5474 1
3007 4318 1
3007 2461 1
3849 6890 6
3849 8010 6
3849 7510 5
3849 3318 5
3849 3849 5
3849 333 5
3849 5329 5
3849 7492 5
3849 942 5
3849 5687 2
3849 8321 1
3849 6255 1
3849 2114 1
3367 821 5
3367 333 3
3367 3735 3
3367 7760 3
3367 473 3
3367 8019 2
3367 4309 2
3367 308 2
3367 7751 2
3367 2200 2
3367 3601 2
3367 7461 2
3367 7987 2
3367 7002 2
3367 8091 2
3367 1700 2
3367 6661 2
3367 10 2
3367 4440 1
3367 3509 1
3367 2041 1
3367 2942 1
3367 7923 1
3367 7972 1
3367 8196 1
3367 2993 1
3367 5687 1
3367 5807 1
1405 1525 3
1405 7510 3
1405 1719 3
1405 118 2
1405 2801 2
1405 7492 2
1405 2041 2
1405 1720 2
1405 8461 1
1405 7264 1
1405 8142 1
1405 8515 1
5687 939 1
5687 1590 1
5687 2472 1
5687 3525 1
5687 7604 1
5687 2606 1
5687 6217 1
5687 967 1
5687 3798 1
5687 633 1
5687 3284 1
5687 4440 1
5687 8003 1
5687 8271 1
821 3397 9
821 753 9
821 583 9
821 3819 9
821 4590 9
821 7353 8
821 7760 8
821 1525 8
821 3497 8
821 8354 8
821 3546 8
821 2566 8
821 3218 8
821 7008 7
821 2856 7
821 5009 7
821 3845 7
821 4600 7
821 3318 5
821 5089 5
821 3367 5
821 5985 5
821 6890 5
821 5159 5
821 1719 5
2041 333 3
2041 1720 3
2041 8276 3
2041 5329 2
2041 2898 2
2041 2801 2
2041 4774 2
2041 3798 2
2041 8019 2
2041 8251 2
2041 473 2
2041 4440 2
2041 3397 2
2041 8142 2
2041 7840 2
2041 2404 2
2041 7492 2
2041 1405 2
2041 118 2
2041 3842 2
2041 7728 2
2041 4666 2
2041 7510 2
2041 1525 1
2041 7513 1
2041 942 1
2041 2461 1
2041 2993 1
2041 3367 1
2041 2942 1
7513 1525 2
7513 6895 2
7513 2404 2
7513 3842 2
7513 8142 2
7513 6255 2
7513 8251 2
7513 7510 2
7513 2942 2
7513 2041 1
4594 8010 7
4594 3178 7
4594 1525 7
4594 6166 7
4594 2856 7
4594 1859 7
4594 5985 7
4594 7264 7
2801 308 4
2801 893 4
2801 4590 3
2801 5241 3
2801 8061 3
2801 3819 3
2801 4124 3
2801 3290 3
2801 3427 3
2801 5329 3
2801 3397 3
2801 8019 3
2801 2472 3
2801 7760 2
2801 2041 2
2801 4774 2
2801 1405 2
2801 473 2
2801 8349 2
2801 118 2
2801 8276 2
2801 7492 2
2801 7510 2
2801 5116 2
2801 5159 2
2801 7973 2
2801 2898 2
2801 3907 2
2801 1719 2
2801 942 2
3916 3819 6
3916 7492 4
3916 2034 4
5159 7008 9
5159 308 9
5159 7351 9
5159 7751 9
5159 2566 9
5159 3546 9
5159 2002 7
5159 3784 7
5159 5197 7
5159 1719 5
5159 821 5
5159 6157 5
5159 8169 5
5159 5089 5
5159 6890 5
5159 3074 4
5159 1187 3
5159 2808 3
5159 1226 3
5159 6166 3
5159 473 3
5159 2942 2
5159 4600 2
5159 2404 2
5159 5433 2
5159 8461 2
5159 7510 2
5159 1525 2
5159 4774 2
5159 3397 2
5159 7264 2
5159 7492 2
2702 5009 7
2702 5985 7
2702 3497 7
2702 1062 7
2702 5241 7
2702 1525 4
2702 3427 4
2702 942 4
5116 8304 2
5116 3577 2
5116 7492 2
5116 2801 2
5116 6838 2
5116 7176 2
3497 3546 10
3497 2248 10
3497 5281 9
3497 2034 9
3497 2702 7
3497 1719 7
3497 2002 7
3497 6268 7
3497 5329 6
3497 3803 6
3497 7351 6
3497 1525 6
3497 5009 6
3497 3784 6
3497 7353 6
3497 5241 6
3497 4004 6
3497 8010 6
3497 5985 6
3497 4548 6
3497 7728 6
3497 3238 6
3497 7510 6
3497 6890 6
3497 1062 6
4184 1974 11
4184 2485 9
4184 8381 7
4184 4060 5
4184 5985 5
4184 8354 5
4184 3350 5
4184 3397 5
4184 1636 5
4184 5089 5
4184 3577 5
4184 5793 5
4184 3819 5
4184 8061 5
4184 8461 5
4184 2034 5
4184 7899 4
4184 4383 4
4184 5843 4
4184 4600 4
4184 8010 4
4184 5685 4
4184 19 4
4184 7510 3
4184 1719 3
3525 473 3
3525 5241 3
3525 3525 3
3525 4540 1
3525 6890 1
3525 2993 1
6217 942 5
6217 3819 4
6217 4465 2
6217 3798 2
6217 2404 2
6217 8321 1
6217 7512 1
6217 1545 1
6217 2942 1
6217 8461 1
6217 2993 1
6217 4504 1
6217 4666 1
6217 6890 1
6217 2139 1
6217 6938 1
6217 3525 1
6217 583 1
6217 6119 1
6217 5687 1
6890 748 11
6890 2002 10
6890 2248 10
6890 583 10
6890 1380 10
6890 1225 10
6890 3546 10
6890 7973 10
6890 5009 9
6890 3819 7
6890 8169 7
6890 821 7
6890 803 7
6890 3497 7
6890 1719 7
6890 1525 7
6890 3350 6
6890 6467 6
6890 3397 6
6890 5241 6
6890 5985 6
6890 3238 6
6890 3803 6
6890 7808 6
6890 1405 5
6890 4548 5
6890 2034 5
6890 942 2
6890 5159 2
6890 8461 2
6890 7751 2
6890 7510 2
6890 4600 1
6890 5687 1
6890 7728 1
6890 3542 1
6890 7604 1
6890 3907 1
6890 6217 1
6890 3525 1
6890 4662 1
6890 2776 1
6890 4578 1
3798 7008 10
3798 8439 9
3798 2002 7
3798 5009 7
3798 5985 6
3798 8169 6
3798 7510 6
3798 7492 5
3798 2935 4
3798 4548 4
3798 969 3
3798 2942 3
3798 3007 3
3798 7760 3
3798 942 3
3798 3842 3
3798 1719 3
3798 2041 3
3798 1405 2
3798 8461 2
3798 5329 2
3798 6217 2
3798 1525 2
3798 3907 1
3798 7264 1
5329 1225 11
5329 3397 9
5329 3542 8
5329 5985 8
5329 3497 8
5329 7264 7
5329 5241 6
5329 473 6
5329 7492 3
5329 8142 3
5329 7510 3
5329 3798 2
5329 942 2
5329 1719 2
5329 1525 2
5329 3007 1
2778 1405 2
2778 1720 2
2778 5464 2
2778 1719 2
2778 7510 2
2778 5329 2
2778 5590 2
2778 1903 2
2778 4053 2
2778 2461 2
2778 7828 2
2778 4548 1
2778 3007 1
2778 5477 1
2778 6255 1
2778 942 1
2778 939 1
2778 4586 1
2778 3525 1
2778 5455 1
2778 3178 1
2778 5687 1
6255 7510 2
6255 308 2
6255 6948 2
6255 4465 2
6255 1151 2
6255 479 2
6255 1719 2
6255 7987 2
6255 3367 2
6255 4440 2
473 2034 4
473 8169 4
473 2404 3
473 5433 3
473 4600 3
473 7461 3
473 1184 3
473 6509 3
473 3525 3
473 8221 3
473 1720 3
473 3577 3
473 4586 3
473 7510 3
473 5329 3
473 1525 3
473 7684 3
473 473 3
473 7264 3
473 3397 3
473 5159 2
473 4305 2
473 969 2
473 3007 2
473 8276 2
473 3367 2
473 3842 2
473 2041 2
473 2801 2
473 942 2
473 6166 2
473 2993 2
473 7024 2
473 1236 2
473 1194 2
473 4666 1
473 8350 1
473 8461 1
473 2942 1
473 4774 1
473 7492 1
473 4440 1
473 6393 1
7604 1700 1
7604 5433 1
7604 5687 1
7604 168 1
7604 4774 1
7604 939 1
7604 1590 1
7604 2224 1
8142 5985 10
8142 583 10
8142 2993 5
8142 3397 4
8142 3542 4
8142 3525 3
8142 7510 3
8142 2041 3
8142 1719 3
8142 8251 3
8142 4666 3
8142 5687 3
8142 5329 3
8142 1405 3
8142 942 3
8142 7492 3
8142 939 3
8142 8461 3
8142 1525 3
1225 6890 11
1225 5329 10
1225 748 8
1225 2002 8
1225 3784 8
1225 7510 8
1225 7008 7
308 5586 10
308 4160 10
308 8227 10
308 6890 10
308 1719 10
308 3845 10
308 3238 10
308 748 10
308 2248 10
308 969 10
308 5089 10
308 635 10
308 3546 10
308 4184 9
308 8010 9
308 3497 9
308 7846 9
308 2034 9
308 5379 9
308 7973 9
308 583 9
308 3819 9
308 839 9
308 7351 9
308 5985 9
308 4590 9
308 5599 9
308 2856 9
308 7008 9
308 803 9
308 1225 9
308 6578 9
308 5159 9
308 3397 9
308 3577 9
308 6166 9
308 3007 2
308 1525 2
7808 6890 6
7808 1719 4
7808 3397 4
7808 5433 4
7808 2034 4
6022 942 2
3542 5009 8
3542 7264 8
3542 1062 8
3542 3497 8
3542 3798 7
3542 5329 7
3542 1525 4
3542 4548 4
3542 942 2
3542 7492 2
3542 1719 2
3542 7510 2
3542 3007 1
6166 1974 9
6166 6578 9
6166 308 9
6166 969 8
6166 7351 8
6166 3845 8
6166 3784 8
6166 2566 8
6166 2856 8
6166 4594 7
6166 8221 7
6166 5009 6
6166 2808 6
6166 6890 6
6166 4160 6
6166 2404 6
6166 599 6
6166 5985 6
6166 858 5
6166 803 5
6166 8061 5
6166 2034 5
6166 5089 5
6166 3542 4
6166 3427 4
6166 8169 4
6166 6628 4
6166 5192 4
6166 3577 4
6166 1226 3
6166 8436 3
6166 7264 3
6166 4774 3
6166 5159 3
6166 3735 3
6166 942 3
6166 7024 3
6166 583 3
6166 7760 2
6166 3397 2
6166 8073 2
6166 473 2
6166 1719 2
6166 1525 2
6166 5452 1
6166 2202 1
6166 2942 1
4004 3497 8
4004 7264 7
4004 4548 7
4004 5241 6
4004 942 5
6009 3525 1
6009 1405 1
6009 1552 1
6009 4053 1
6009 5522 1
6009 168 1
6009 2569 1
6009 7512 1
6009 4600 1
8251 7510 3
8251 8142 3
8251 7024 3
8251 5329 2
8251 3007 2
8251 2041 2
8251 2801 2
8251 1719 2
8251 8461 2
8251 1226 2
8251 5685 2
8251 7492 2
8251 4053 2
8251 7513 2
8251 2942 1
8251 3907 1
583 8381 11
583 1380 11
583 4589 11
583 2248 10
583 8354 10
583 6890 10
583 8010 10
583 3845 10
583 6578 9
583 839 9
583 7351 9
583 6166 9
583 969 9
583 3007 9
583 5089 9
583 8061 9
583 3397 9
583 1974 9
583 2034 9
583 7510 9
583 753 9
583 2566 9
583 5159 9
583 5985 9
583 3497 9
583 7008 9
583 4590 9
583 2404 9
583 3819 9
583 5379 9
583 1225 9
583 5599 9
583 1719 9
583 942 2
583 8350 1
583 6217 1
583 2472 1
583 3525 1
583 5687 1
5685 4184 5
5685 308 2
5685 8251 2
5685 3545 1
5685 7513 1
5685 3367 1
5009 8354 10
5009 7008 10
5009 1525 10
5009 8439 9
5009 3842 8
5009 6890 7
5009 5985 7
5009 7264 7
5009 3798 7
5009 3397 6
5009 2002 6
5009 3497 6
5009 6166 6
939 2942 2
939 4440 2
939 19 2
939 7604 2
939 8142 2
939 1590 1
939 1700 1
939 2993 1
939 5687 1
5433 8169 4
5433 2404 4
5433 2034 4
5433 5433 3
5433 6501 2
5433 5105 2
5433 4600 2
5433 8515 1
5433 5687 1
5433 7604 1
6628 2404 6
6628 4160 6
6628 5089 6
6628 1719 6
6628 1525 6
6628 5329 5
6628 8169 4
6628 3178 4
6628 3397 4
6628 3819 4
6628 8010 4
6628 942 4
6628 6166 4
6628 7510 4
7556 2993 3
5379 308 10
5379 7846 9
5379 7351 8
5379 2566 8
5379 4818 8
5379 1525 7
5379 4158 7
5379 4124 3
5379 3542 3
5379 7751 3
5379 3525 2
5379 3427 2
5379 7766 2
5379 920 2
5379 7264 2
5379 6890 2
5379 7970 2
5379 2569 1
2404 5523 9
2404 6380 9
2404 3624 8
2404 1974 8
2404 8061 7
2404 1525 6
2404 635 6
2404 3798 6
2404 3427 6
2404 6166 6
2404 803 6
2404 5089 5
2404 8169 5
2404 3819 5
2404 2034 4
2404 1719 4
2404 473 4
2404 2041 2
2404 7751 2
2404 5159 2
2404 2993 2
2404 6217 2
2404 3397 2
2404 4600 2
2404 1700 2
2404 7728 2
2404 3842 1
2404 4774 1
1194 3318 5
1194 4774 3
1194 1719 3
1194 473 2
1194 4434 1
1194 6555 1
1194 10 1
1194 5112 1
1194 2998 1
1194 7512 1
1194 7513 1
1194 3907 1
1194 3397 1
5992 2566 8
5992 6166 8
5992 7264 8
5992 7484 4
5992 3545 1
5992 8461 1
7035 8354 7
7035 3318 6
8010 112 11
8010 7008 10
8010 308 9
8010 2856 9
8010 4594 8
8010 7264 8
8010 3238 7
8010 3497 6
8010 5985 6
8010 4184 5
8010 7510 3
8010 942 1
5477 7461 2
5477 3907 2
5477 8461 2
5477 6467 2
5477 6838 2
5477 33 2
5477 5088 2
5477 2898 2
5477 1525 2
5477 3007 2
5477 5590 2
5477 4053 2
5477 6813 2
5477 1719 2
5477 7828 2
5477 310 2
5477 3542 1
5477 4634 1
5477 7923 1
5477 6255 1
5477 10 1
5477 3845 1
5477 3178 1
5477 3922 1
5477 6675 1
5477 757 1
5477 2778 1
5477 1021 1
5477 7972 1
5477 2998 1
5477 2942 1
5477 8257 1
5477 3533 1
5477 5397 1
5477 949 1
5477 5614 1
5477 8276 1
5477 2754 1
5477 3397 1
5477 7264 1
5477 2461 1
5477 4147 1
5477 942 1
5477 6652 1
5477 4666 1
5477 2606 1
5477 4586 1
7393 1590 3
7393 7492 1
7393 7604 1
7393 5197 1
7393 583 1
7393 2152 1
7393 2993 1
7393 6371 1
7393 8271 1
7393 4791 1
7393 5687 1
7393 4065 1
2606 3525 1
2606 1405 1
2606 5687 1
2606 2993 1
2606 7512 1
2606 8436 1
2606 8461 1
2606 8142 1
5455 3828 2
5455 6255 2
5455 5197 1
5455 5807 1
5455 3007 1
5455 3542 1
5455 1700 1
5455 3525 1
5455 2114 1
5455 7393 1
5455 5687 1
5455 942 1
5455 2606 1
5455 1758 1
5455 7418 1
5455 10 1
5455 5640 1
5455 3178 1
5455 1933 1
5455 2132 1
5455 757 1
5455 939 1
5455 2778 1
5455 1904 1
5455 2993 1
5455 3284 1
5455 1590 1
5455 6371 1
5455 7145 1
5455 983 1
5455 635 1
5455 8073 1
5455 3508 1
8515 4465 3
1720 8354 7
1720 3525 3
1720 2041 3
1720 473 3
1720 8436 2
1720 3397 2
1720 1525 2
1720 2942 2
1720 2993 2
1720 8461 2
1720 1719 2
1720 4548 2
1720 1903 2
1720 7973 2
1720 2778 2
1720 6255 2
1720 1405 2
1720 3007 2
1720 7510 2
1720 7492 2
1720 942 2
1720 3218 1
6501 1700 3
6501 5433 2
6501 6501 2
6501 5842 2
6501 2200 2
6501 7461 2
6501 4600 2
6501 2993 1
4600 4600 4
4600 2404 3
4600 5433 3
4600 6914 2
4600 6501 2
4600 7461 2
4600 2993 2
4600 5105 2
4600 1474 1
7972 5329 2
7972 4440 2
7972 6255 1
7972 1405 1
7972 5687 1
7972 942 1
7972 473 1
7972 7006 1
7972 7418 1
7972 6555 1
7972 10 1
7972 7851 1
7972 2041 1
7972 1315 1
7972 8436 1
7972 5477 1
7972 2942 1
7972 3907 1
7972 2993 1
7972 3397 1
7972 3367 1
8073 8073 2
8073 7492 2
8073 6166 2
8073 1758 1
8073 1405 1
8073 4155 1
8061 308 10
8061 7008 8
8061 8061 7
8061 3397 7
8061 5089 6
8061 8169 6
8061 3803 6
8061 4184 5
8061 8054 5
8061 5192 4
8061 1226 3
8061 2801 3
8061 1525 3
8061 7264 3
8061 7751 3
8061 3427 3
8061 5842 3
1131 4184 5
1131 7492 5
1131 4586 3
1131 2993 2
1131 5807 1
1752 7492 6
1752 3178 6
1752 942 6
1752 3577 6
1752 4184 6
1752 3819 6
1752 4548 6
1903 7492 2
1903 1720 2
1903 113 1
1903 7510 1
1903 3007 1
1903 4548 1
1903 3178 1
8461 6890 5
8461 5159 5
8461 1719 3
8461 1525 2
8461 1720 2
8461 4440 2
8461 7264 2
8461 8196 2
8461 473 1
8461 7492 1
8461 7510 1
8461 4586 1
8461 2942 1
8461 942 1
8461 2606 1
4666 5241 3
4666 4548 3
4666 3735 3
4666 4586 3
4666 3007 2
4666 920 2
4666 1525 2
4666 8276 2
4666 1405 2
4666 1720 2
4666 4440 2
4666 1184 2
4666 2041 2
4666 7510 2
4666 2801 2
4666 118 2
4666 6217 1
4666 5477 1
4666 8515 1
4666 2942 1
4666 3907 1
4666 8142 1
4666 8461 1
4666 473 1
4666 7492 1
4666 583 1
4666 942 1
1590 5197 6
1590 2034 4
1590 7728 3
1590 1590 2
1590 3397 2
1590 7461 2
1590 1700 2
19 2472 1
19 939 1
8354 5985 10
8354 8354 10
8354 1525 10
8354 7659 10
8354 5009 8
8354 3577 7
8354 3318 6
8354 7492 6
8354 8054 5
8354 4184 5
8354 3819 5
8354 1719 5
3907 3427 2
3907 4124 2
3907 4666 2
3907 1719 2
3907 8251 2
3907 7024 2
3907 5159 2
3907 7510 2
3907 2942 2
3907 2801 2
3907 3798 1
3907 1194 1
3907 5807 1
3907 1525 1
3907 7512 1
3907 5614 1
3907 942 1
3907 1758 1
3907 8461 1
3907 6890 1
3907 286 1
3907 3092 1
3907 6217 1
3907 4586 1
3907 7492 1
3546 3397 11
3546 112 11
3546 4060 11
3546 6890 10
3546 2791 10
3546 1225 10
3546 7473 10
3546 7973 10
3546 5523 10
3546 308 10
3546 6380 9
3546 1636 8
3546 1719 8
3546 7008 8
3546 5159 8
3546 969 8
3546 7760 8
3546 7521 8
3546 2002 8
3546 3497 8
3546 2856 8
3546 753 8
3546 1380 8
3546 7510 8
3546 748 8
1258 5241 3
1258 3284 2
8328 7264 8
8328 6890 6
8328 942 5
8328 939 4
33 3284 2
33 2993 2
33 118 2
33 3483 2
33 8142 2
33 8276 2
33 1525 2
33 7973 2
33 5464 2
33 5477 2
33 1720 2
33 7492 2
33 5522 2
7045 7492 5
7045 4030 1
7045 7176 1
7045 8344 1
2935 7846 11
2935 7351 11
2935 2030 6
2935 7751 5
2935 7673 5
2935 1664 5
2935 8010 5
2935 8169 4
2935 3427 4
2935 3074 4
2935 858 4
2935 3798 4
2935 5192 4
2935 5433 3
2935 7264 3
2935 2577 1
2935 7305 1
2935 6614 1
8019 3849 4
8019 3427 3
8019 118 3
8019 333 3
8019 1591 3
8019 2942 3
8019 7513 3
8019 4548 3
8019 1719 3
8019 2801 3
8019 4124 3
8019 7672 3
8019 8251 2
8019 473 2
8019 2898 2
8019 3367 2
8019 1552 2
8019 1525 2
8019 3798 2
8019 942 2
8019 7510 2
8019 2041 2
7521 8354 8
7521 3546 8
7521 7264 2
5590 7828 2
5590 3446 2
5590 4053 2
5590 7492 1
5590 2472 1
5590 583 1
5590 2606 1
5590 1903 1
5590 1904 1
5590 6652 1
5590 939 1
5590 4586 1
5590 6371 1
5590 6813 1
5590 655 1
5590 6938 1
5590 1448 1
8350 7987 2
8350 5614 2
8350 4108 2
8350 6894 2
8350 2998 2
8350 8461 2
8350 1135 2
8350 473 1
8350 3051 1
8350 911 1
8350 4465 1
8350 5455 1
8350 983 1
8350 3416 1
8350 5509 1
8350 5838 1
3845 6166 8
3845 1719 8
3845 5159 8
3845 7264 8
3845 5985 8
3845 821 7
3845 1525 7
3845 6757 6
3845 6890 6
5640 3845 6
5640 2870 5
5640 3819 5
5640 3318 5
5640 1525 5
5640 1664 5
5640 7510 5
5640 2034 5
5640 4774 5
5640 8169 4
5640 5192 4
5640 3427 4
5640 3397 4
5640 2200 2
5640 5105 2
5640 8367 2
5640 4865 1
5640 942 1
5640 967 1
5640 2606 1
5640 7418 1
5640 32 1
5640 19 1
5640 7604 1
5640 939 1
5640 6571 1
5640 1309 1
143 1525 8
143 7264 7
3427 3803 6
3427 5985 6
3427 2034 6
3427 5488 6
3427 2702 4
3427 3842 4
3427 8169 4
3427 4600 3
3427 942 2
3427 3007 2
3427 7264 2
3427 3798 2
3427 2801 2
3427 8461 2
2856 112 11
2856 8227 10
2856 8354 10
2856 7473 10
2856 308 9
2856 644 9
2856 8010 9
2856 3546 9
2856 1345 9
2856 4590 8
2856 5599 8
2856 2856 8
2856 7659 8
2856 7760 8
2856 6166 8
2856 753 8
2856 821 7
2856 3819 7
2856 1525 7
2856 4594 7
2856 1859 7
2856 5985 7
2856 7264 7
8169 803 6
8169 2030 6
8169 5159 6
8169 6222 5
8169 5089 5
8169 3178 5
8169 6890 5
8169 2404 5
8169 1664 5
8169 4184 4
8169 7409 4
8169 2935 4
8169 3842 4
8169 3397 4
8169 5640 4
8169 5433 4
8169 1719 4
8169 5192 4
8169 473 4
8169 2034 4
8169 4774 4
8169 5842 4
8169 118 3
8169 7728 3
3702 2791 11
3702 2002 6
3702 4184 5
3702 3318 5
3702 118 4
7838 7630 4
7838 2870 4
7838 5192 4
7838 6518 3
7838 2942 3
4383 4184 5
4383 19 3
4383 5685 3
4383 1226 2
3284 8461 2
3284 939 1
3284 1187 1
3284 5687 1
2942 118 3
2942 5159 3
2942 473 3
2942 1719 3
2942 3842 3
2942 8019 3
2942 3798 3
2942 6890 3
2942 1187 3
2942 2898 3
2942 7672 3
2942 7024 2
2942 4600 2
2942 4774 2
2942 1700 2
2942 8251 2
2942 2404 2
2942 1720 2
2942 7510 2
2942 8461 2
2942 6166 1
2942 3367 1
2942 2041 1
2942 3397 1
2942 5197 1
2942 4586 1
2942 4666 1
2942 6217 1
2942 942 1
2942 8436 1
2942 5477 1
2942 7513 1
2942 939 1
2942 6487 1
4818 4991 5
4818 5379 4
4818 1664 4
4818 791 4
4818 2876 4
577 920 4
577 5464 2
577 286 2
577 3416 1
577 3542 1
577 3178 1
577 6255 1
577 6217 1
577 5807 1
577 4943 1
577 3509 1
577 1590 1
577 6744 1
577 1448 1
2993 1719 2
2993 33 2
2993 8276 2
2993 118 2
2993 6258 2
2993 7315 2
2993 7002 2
2993 7510 2
2993 7461 2
2993 7354 2
2993 5159 2
2993 4600 2
2993 2404 2
2993 1131 2
2993 6217 2
2993 7492 1
2993 5400 1
2993 5197 1
2993 3603 1
2993 5523 1
2993 3525 1
2993 2675 1
2993 2942 1
2993 939 1
2993 4586 1
2993 4743 1
2993 3397 1
2993 10 1
2993 2041 1
2993 6501 1
2993 2114 1
803 8354 9
803 3845 9
803 3397 6
803 2404 6
803 7510 6
803 7808 6
803 969 6
803 7492 6
803 3819 6
803 858 6
803 8010 6
803 1525 5
803 3798 5
803 6890 5
803 3577 5
803 2808 5
803 6166 5
803 8461 5
803 5089 5
803 1719 5
5105 5105 2
5105 7354 2
5105 7461 2
5105 7513 2
5105 4600 2
5105 1590 1
5105 939 1
5105 5433 1
5105 3508 1
5105 5419 1
5105 7604 1
5105 1700 1
5105 2331 1
7001 3577 3
7001 7001 3
7001 1700 2
3350 7492 5
3350 5329 5
3350 3007 5
3350 3819 5
3350 2404 4
3350 7510 4
3350 942 4
3350 3318 4
3350 6890 4
3350 7808 4
3350 7484 4
3350 7838 4
3350 1194 4
3350 1525 4
3350 5241 4
3350 4548 4
8304 5599 8
8304 2801 2
8304 5116 2
8304 7024 1
8304 8251 1
8304 7492 1
8304 2993 1
8304 3500 1
8304 6255 1
2503 5159 11
2503 803 10
1151 4309 2
1151 505 2
1151 6107 2
1151 308 2
1151 5614 2
1151 1135 2
2034 6890 11
2034 5192 4
2034 5433 4
2034 8169 4
2034 4586 3
2034 3842 3
839 308 9
839 6890 7
839 3624 7
839 7728 4
3238 6890 9
3238 7353 6
3238 5985 6
3238 8010 4
7512 6255 1
7512 939 1
7512 3542 1
7512 6009 1
7512 1525 1
7512 118 1
7512 2606 1
7512 6487 1
7512 7510 1
7512 6217 1
7512 2778 1
7512 2942 1
7512 3907 1
7512 4666 1
7512 1448 1
7512 4585 1
4991 7008 9
4991 2598 8
4991 7351 7
4991 8432 7
4991 5761 7
4991 1525 6
4991 3427 6
4991 2030 6
4991 1664 6
4991 4818 5
4465 7354 2
4465 939 2
4465 7114 1
2402 942 3
2402 5685 3
2402 2402 3
2402 4774 3
2402 2041 3
2402 3842 3
2402 3397 3
2402 4160 3
2402 4440 3
5197 1525 8
5197 5159 7
5197 333 6
5197 2942 1
5197 1590 1
5197 2993 1
4053 5614 2
4053 6619 2
4053 6813 2
4053 4147 2
4053 1720 2
4053 4774 2
4053 5842 2
4053 5433 2
4053 5464 2
4053 942 2
4053 8196 2
4053 8251 2
4053 1525 2
4053 6467 2
4053 1903 2
4053 5590 2
4053 5477 1
4053 389 1
4053 6009 1
4053 6035 1
4053 3178 1
4053 1448 1
4053 3416 1
4053 3542 1
4053 2461 1
4053 3007 1
983 5687 1
983 2114 1
983 1700 1
983 939 1
983 1590 1
983 7492 1
983 600 1
983 8436 1
983 6652 1
983 2993 1
7828 942 2
7828 2461 2
7828 1525 2
7828 4911 2
7828 3007 2
7828 2801 2
7828 5590 2
7828 2778 2
2461 4666 2
2461 7512 2
2461 7510 2
2461 3007 2
2461 942 1
2461 2041 1
2461 1765 1
2461 1354 1
2461 5477 1
2461 6854 1
2461 7492 1
3976 5614 2
3976 5116 2
4305 473 3
7973 3546 10
7973 8227 10
7973 308 9
7973 4548 2
7973 6838 2
7973 1525 2
7973 6890 2
7973 942 1
1952 3416 1
1952 4585 1
1952 1933 1
1952 6487 1
1952 3178 1
7673 7766 5
7673 1664 5
7673 7751 5
7673 8169 5
7673 2935 5
6630 939 1
6630 1590 1
6630 983 1
6630 832 1
6630 19 1
6630 3772 1
6630 2606 1
6630 4774 1
6630 5807 1
6630 7512 1
6630 8436 1
6630 8235 1
6630 2993 1
8276 1525 3
8276 7422 3
8276 505 3
8276 473 2
8276 2993 2
8276 4465 2
8276 2801 2
8276 2041 2
8276 7510 2
8276 1405 2
8276 5329 2
8276 8461 1
2002 6890 10
2002 748 10
2002 3546 8
2002 7760 8
2002 7510 8
2002 1225 8
2002 1525 8
2002 7008 7
2002 7264 7
2002 3702 7
2002 5159 7
2002 5985 7
2002 3497 7
2002 5009 6
8321 8073 1
8321 583 1
8321 6217 1
8321 3072 1
8321 1273 1
2137 259 1
2137 715 1
1206 761 1
1206 3178 1
753 3546 9
753 2566 9
753 821 9
753 3497 8
753 7510 8
753 2856 8
753 3819 8
753 4774 8
753 2002 8
753 5599 7
753 7264 7
753 1345 7
753 1525 7
1345 6890 11
1345 308 11
1345 2856 9
1345 753 7
1345 6089 7
1345 5599 5
6657 5436 1
1273 8073 1
1273 8321 1
1273 8515 1
7383 2993 2
7383 7492 2
7383 7944 2
7383 5842 2
7383 6871 2
7383 4053 1
7383 1525 1
7383 942 1
7797 2993 2
7797 1194 1
7797 1226 1
998 583 1
7776 7176 2
7776 983 1
7776 939 1
3655 939 1
2653 2735 1
3601 3367 2
3601 5116 2
3601 8010 2
3601 3483 2
3601 2801 2
3601 1236 2
3601 479 2
3601 5159 2
3601 8196 2
6189 961 1
6189 6035 1
6189 3072 1
6189 3534 1
6189 7836 1
6189 1293 1
2224 7604 1
2224 2935 1
2224 8515 1
2224 4318 1
635 8461 5
635 6914 3
635 939 1
635 3007 1
118 3819 4
118 1405 4
118 2808 4
118 2404 4
118 4346 4
118 473 3
118 8169 3
118 893 3
118 5241 3
118 8019 3
118 7492 3
118 4586 2
118 4440 2
118 3397 2
118 1187 2
118 2993 2
118 33 2
118 2801 2
118 302 2
118 2041 2
118 4666 2
118 6107 2
118 1700 2
118 6812 2
118 2942 1
118 1184 1
118 168 1
118 942 1
118 8436 1
4586 473 3
4586 7760 3
4586 5329 3
4586 891 3
4586 118 2
4586 1187 2
4586 1720 2
4586 1719 2
4586 3397 2
4586 7510 2
4586 1525 1
4586 2114 1
4586 8436 1
4586 5477 1
4586 2942 1
4586 8461 1
4586 1405 1
4586 2993 1
4586 3907 1
4586 942 1
4586 4440 1
4586 7264 1
4586 7492 1
1700 333 5
1700 7728 3
1700 7001 2
1700 3842 2
1700 6501 2
1700 4774 2
1700 2942 2
1700 7461 2
1700 6914 2
1700 2404 2
1700 983 2
1700 118 2
1700 4600 2
1700 5433 1
1700 4155 1
1700 939 1
1700 7542 1
1700 4465 1
1700 967 1
1700 5292 1
1700 1590 1
1700 3525 1
1700 5687 1
1700 1904 1
1700 7604 1
1700 8271 1
1700 3508 1
1700 5419 1
1700 5105 1
3842 3427 4
3842 1590 4
3842 8169 4
3842 2034 3
3842 2942 3
3842 3798 3
3842 473 3
3842 7513 2
3842 2041 2
3842 4774 2
3842 7024 1
3842 2404 1
748 112 11
748 1187 11
748 7008 11
748 7973 11
748 8381 11
748 6890 11
748 7473 11
748 2002 11
748 3397 10
748 8227 9
748 2633 9
748 3546 8
748 1225 8
6509 3842 3
6509 942 3
6509 7510 2
6509 4124 2
6509 8515 2
6509 473 2
6332 1225 9
6332 5159 8
5192 4818 4
5192 4791 4
5192 6628 4
5192 2870 4
5192 2034 4
5192 6166 4
5192 5640 4
5192 2935 4
5192 8061 4
5192 1719 4
5192 8169 4
1859 4184 7
1859 5420 7
1859 1525 7
1859 2856 7
1859 4594 7
1859 7264 7
6938 8136 9
6938 3508 2
6938 7354 2
6938 4774 2
6938 1525 2
6938 6009 1
6938 4578 1
6938 3178 1
6938 577 1
6938 2606 1
6938 1758 1
6938 6255 1
6938 6217 1
6938 4586 1
6938 5687 1
6938 5800 1
6938 8142 1
6938 3190 1
3679 3842 5
3679 7067 5
3679 7808 4
967 5640 1
967 6457 1
967 1700 1
967 5687 1
4440 939 3
4440 942 3
4440 7972 3
4440 2041 2
4440 118 2
4440 7461 2
4440 4666 2
4440 2404 2
4440 8461 2
4440 3397 2
4440 7510 2
4440 2942 2
4440 5614 2
4440 8436 1
4440 473 1
4440 4586 1
4440 3367 1
4440 6255 1
4440 5687 1
2231 1474 1
2231 1700 1
7751 7351 9
7751 2566 7
7751 5089 7
7751 7673 5
7751 1525 3
7751 8061 3
7751 4124 3
7751 5379 3
7751 3427 3
7751 3007 3
7751 3367 2
7751 3577 2
7751 2404 2
7751 6890 2
2623 5433 1
1380 308 9
1380 5009 9
1380 1525 9
1380 4184 9
1380 3546 9
6812 2801 2
6812 391 1
6812 118 1
2870 1664 6
2870 3798 5
2870 2935 5
2870 3007 5
2870 5842 4
2870 7838 4
2870 5433 4
2870 5192 4
4043 3178 1
5292 3416 1
5292 1700 1
5292 128 1
5292 2402 1
5292 120 1
6979 4803 1
6979 6871 1
8436 6467 4
8436 7492 3
8436 3397 3
8436 6166 3
8436 1719 3
8436 942 3
8436 6217 1
8436 4774 1
8436 118 1
8436 4440 1
8436 1590 1
8436 4586 1
8436 2942 1
666 5105 1
666 2706 1
666 5640 1
666 417 1
666 4847 1
666 4682 1
666 8352 1
666 6147 1
6886 5793 3
6886 7766 2
6886 6886 2
6886 4774 2
6886 7684 1
6886 8461 1
113 4968 1
113 7923 1
113 1903 1
113 3525 1
113 4540 1
113 4440 1
7024 8251 3
7024 2404 2
7024 2942 2
7024 473 2
7024 3907 2
7024 3842 1
7024 2993 1
6467 8436 4
6467 5614 2
6467 118 2
6467 2606 2
6467 3367 2
6467 2801 2
6467 7840 2
6467 3397 2
6467 7987 2
6467 7510 2
6467 3944 2
6467 8349 2
6467 6207 2
6467 635 2
6467 8122 2
6467 5477 2
6467 5116 2
6467 920 2
6467 2041 2
6467 8307 2
6467 3601 2
6467 4053 2
6467 6022 2
6467 5316 2
6467 8276 2
6467 1405 2
6467 3076 2
6467 6890 2
6467 942 2
6467 5687 1
6467 7484 1
6467 3224 1
6467 7923 1
6467 577 1
6467 6255 1
6467 1525 1
6467 391 1
6467 3798 1
6467 4346 1
6467 5662 1
969 583 9
969 3546 8
969 6166 8
969 7760 8
969 5992 8
969 2566 8
969 5009 6
969 803 6
969 1226 3
969 473 3
969 5793 3
969 3798 3
969 3577 3
969 1525 2
969 7492 2
969 4124 2
969 3178 2
6914 7461 2
891 7510 3
891 4124 3
891 7760 3
891 4586 2
891 8461 2
891 942 2
891 3427 2
891 1525 2
1113 6619 2
1113 5422 2
1113 3397 2
1113 2404 2
1113 7135 2
1113 7261 2
6652 8436 2
6652 6255 2
6652 942 2
6652 583 2
6652 4586 2
6652 2801 2
6652 1405 2
6652 7492 2
6652 2606 1
6652 1448 1
6652 5477 1
6652 3907 1
6652 961 1
1474 4465 1
1474 172 1
1474 4600 1
3218 821 8
3218 2404 2
3218 4465 2
3218 942 2
3218 1720 1
6757 3842 7
6757 3845 2
1758 4774 2
1758 2461 1
1758 8073 1
1758 2998 1
1758 6009 1
1758 942 1
1758 1525 1
1758 920 1
1758 2606 1
1758 3178 1
1758 6938 1
3477 3819 8
3477 8169 6
3477 6890 4
3477 4774 4
3477 2034 4
3477 6734 3
3477 4706 2
3477 7024 2
3477 6524 2
3477 2404 2
3477 3842 1
3477 3397 1
3803 3497 7
3803 6890 6
3803 3397 6
3803 8061 6
3803 4774 6
2633 5281 9
2633 1225 9
2633 748 9
3952 8321 2
3952 7492 1
3952 6501 1
3952 5286 1
3952 2993 1
3952 7145 1
8271 5687 1
8271 939 1
8271 1590 1
8271 5105 1
8271 1700 1
8271 5640 1
8271 641 1
8271 3720 1
7987 308 2
7987 939 2
7987 7264 2
7987 2993 2
7987 2041 2
7987 1719 2
7987 7002 2
7987 942 2
7987 3367 2
7987 8350 2
7987 4586 2
7925 7602 2
1933 3218 2
1933 6813 2
1933 942 2
1933 6022 2
1933 7944 2
1933 5687 2
1933 2998 1
1933 8420 1
1933 1758 1
1933 6487 1
1933 3109 1
1933 3542 1
1933 5292 1
1933 5807 1
1933 5521 1
1933 5477 1
1933 1700 1
1933 1448 1
1933 7492 1
1933 2461 1
4566 4566 3
2672 2030 6
2672 2034 4
8349 3845 2
8349 942 2
8349 2801 2
8349 4943 2
8349 6467 2
8349 169 2
8349 3577 2
8349 3601 2
8349 7923 1
8349 5614 1
633 5687 1
633 5065 1
6838 7461 2
5422 4600 4
5422 893 4
5422 5422 2
5422 7024 2
5422 4774 2
5422 6619 2
5422 1113 2
10 3367 2
10 5807 1
10 1194 1
10 473 1
10 7264 1
10 5455 1
10 3178 1
10 7510 1
8196 2041 2
8196 5614 2
8196 7510 2
8196 1719 2
8196 8461 2
8196 7264 2
8196 3367 1
2529 5477 1
8221 7008 6
8221 5089 5
8221 1525 3
8221 1700 3
8221 8436 3
8221 6166 3
8221 8221 3
8221 2404 3
8221 7354 3
8221 1226 3
8221 7760 3
8221 5159 3
8221 473 3
8221 3577 3
8221 3849 3
8221 942 3
8221 4774 3
1221 3624 9
1221 4060 8
1221 7264 8
1221 5985 7
1221 1525 7
5523 5985 11
5523 4774 11
5523 8010 11
5523 6578 11
5523 308 10
5523 5159 9
5523 3546 9
5523 644 9
5523 753 9
5523 7008 9
5523 2404 9
5523 3845 8
5523 7760 8
5523 1700 8
5523 4590 8
5523 2002 6
5523 7510 2
5523 8142 2
5523 5687 2
5523 2569 1
5523 3290 1
5523 939 1
5523 7492 1
5523 942 1
5523 6255 1
5523 2993 1
5523 975 1
911 1719 3
911 3849 2
911 8461 2
911 6255 1
911 5992 1
911 7176 1
911 3007 1
911 3525 1
911 2998 1
911 8257 1
911 1405 1
911 8350 1
911 3780 1
911 961 1
911 473 1
911 1525 1
911 2461 1
911 7923 1
911 7418 1
911 1681 1
911 6501 1
911 8139 1
911 3798 1
911 2569 1
911 5436 1
911 7512 1
911 3542 1
911 7492 1
911 6009 1
911 4160 1
911 7393 1
911 1751 1
911 4155 1
911 3178 1
161 1525 5
161 1590 1
8344 7261 1
832 7510 2
832 10 2
832 3603 1
5773 4124 2
5773 2801 2
6197 8504 6
6197 1525 3
6197 4434 1
6197 3076 1
6487 4585 1
6487 1933 1
6487 3416 1
6487 3542 1
6487 7512 1
6487 2942 1
6487 3397 1
6487 6062 1
6487 939 1
6487 10 1
6487 5687 1
6487 7492 1
6487 600 1
6487 6105 1
6487 7794 1
6487 583 1
6487 2993 1
6487 6457 1
6487 961 1
2114 983 1
2114 3416 1
2114 3849 1
2114 2942 1
2114 2993 1
2114 7264 1
2114 600 1
1805 1525 2
2135 3577 9
6871 5433 2
6871 6009 2
6871 7383 2
6871 5527 1
6871 6294 1
3016 1194 1
3016 8073 1
3016 3542 1
3016 583 1
3016 3525 1
3016 6217 1
3016 1933 1
3016 8515 1
3016 6371 1
3016 2735 1
3016 6890 1
3016 8271 1
3016 8300 1
5522 4994 2
5522 6009 1
5522 6641 1
5522 118 1
5522 1290 1
5522 6217 1
5522 1226 1
5522 3907 1
5522 4666 1
8489 7264 2
7969 8515 2
4743 6491 1
4743 7006 1
4743 4030 1
4743 2993 1
4743 3092 1
7659 2856 8
7659 7760 8
7659 4060 8
7659 6089 7
7659 7492 6
7659 3819 6
6491 5419 1
6491 7418 1
6491 1354 1
6491 3076 1
6491 1525 1
6491 5433 1
6491 8202 1
6491 3178 1
6491 939 1
6491 1422 1
6491 8299 1
6491 3109 1
6491 3007 1
6491 4743 1
6491 2998 1
6491 2314 1
1765 2461 1
1765 5474 1
1765 4586 1
1765 3542 1
1765 168 1
1765 8276 1
4155 5687 2
4155 1700 1
4155 3401 1
4155 8073 1
4155 2993 1
441 1525 3
441 7492 3
3760 7492 8
3760 5599 7
3760 3318 7
3760 7264 7
6978 3798 2
6978 4465 2
6978 7304 1
8416 969 2
8416 6255 2
8416 2712 2
8416 1720 2
8416 7492 2
8416 168 2
8416 6393 2
8416 5159 2
8036 2998 1
5436 3178 4
5436 3603 1
5436 4465 1
5436 8515 1
5436 7176 1
5436 6035 1
5436 6255 1
5436 1719 1
5300 988 1
7405 6255 1
7405 1560 1
7405 8003 1
7405 3092 1
7405 1448 1
1974 583 10
1974 308 10
1974 1525 9
1974 2404 9
1974 6166 8
8113 7492 5
8113 2041 2
8113 5599 2
8113 4124 2
8113 5614 2
8113 5527 2
8113 1157 2
8113 7013 2
8113 7393 1
8113 5687 1
8113 1933 1
8113 7721 1
8113 1590 1
8113 4318 1
8113 3542 1
8113 4637 1
8113 5823 1
8113 939 1
6485 7492 3
479 2231 2
479 7461 2
479 2633 2
479 374 2
479 5400 2
479 505 2
479 7576 2
479 7512 2
479 1525 2
479 7176 2
479 4465 2
479 7261 2
479 5300 2
479 7970 2
479 1580 2
479 3601 2
479 583 2
479 3051 2
479 7828 2
479 1719 2
479 4434 2
479 8461 1
479 3542 1
479 3416 1
479 7923 1
479 6619 1
479 3284 1
479 3290 1
479 5436 1
479 3446 1
479 5477 1
8504 3318 5
87 7492 3
87 3577 3
87 5793 3
87 6294 2
87 2200 2
87 6255 2
87 19 2
87 5685 2
743 7510 1
743 5329 1
1898 8108 2
1898 4634 1
1898 4172 1
1898 4578 1
8151 4774 2
8151 3525 1
8151 473 1
8151 5433 1
8151 939 1
8151 6188 1
8151 5440 1
8151 8080 1
5850 5687 1
5850 5527 1
5850 1700 1
5850 939 1
5850 1590 1
5850 8426 1
8381 3322 8
8381 1525 7
8381 4184 7
6294 3007 5
6294 87 2
3721 5687 1
2607 5614 1
2607 22 1
2607 7604 1
102 2439 2
4065 5527 1
4065 3808 1
4065 4791 1
4065 635 1
3944 308 2
3944 3284 2
7203 1525 2
1686 7510 5
1686 4548 5
1686 942 5
1686 3819 5
7846 3397 10
7846 583 10
7846 4323 10
7846 7351 10
7846 8010 10
7846 7008 9
7846 308 9
7846 5379 9
8391 1525 6
8391 1590 1
8391 7721 1
8391 4065 1
5527 4101 1
5527 4065 1
5527 506 1
7721 7515 1
7721 5687 1
7721 1550 1
7721 4065 1
5823 4065 1
489 3178 1
489 8321 1
3624 1525 9
3624 3784 8
3624 1221 7
3624 839 7
3624 5985 7
6379 942 5
6379 6501 4
81 3646 2
3535 5687 1
3535 1313 1
2712 3798 2
2712 8091 2
2712 2778 2
2712 5843 2
2712 7350 2
2712 1113 2
2712 6938 2
2712 1187 2
2712 5614 2
2712 3483 2
2712 8416 2
2712 5687 2
2712 3178 2
2712 3601 2
2712 6838 2
2712 983 2
2439 4101 1
2439 2521 1
2439 4318 1
2439 2086 1
2439 3771 1
3445 6457 1
6143 3427 2
6143 473 2
6143 5614 2
6354 4065 1
6354 3963 1
3483 2404 2
3483 1525 2
3483 6619 2
3483 3601 2
3036 333 5
3036 1719 4
3036 8251 2
3036 7264 2
3036 1405 2
3036 8515 2
3036 7492 2
3036 7461 2
3036 8122 2
3036 5687 2
3036 942 2
3036 6501 2
3036 939 2
3036 6009 2
7990 5687 1
7990 939 1
2314 4817 1
2314 7510 1
2314 308 1
6003 5687 1
6003 3178 1
6003 7868 1
1041 6854 1
1041 1700 1
1041 6255 1
1041 918 1
1041 7604 1
1041 4859 1
1041 7305 1
1041 7145 1
1041 2472 1
7879 6711 1
7879 3849 1
7879 5023 1
3771 6255 1
3771 939 1
3771 2439 1
3771 19 1
3771 32 1
3771 8374 1
3771 675 1
3771 99 1
3771 1157 1
5474 2461 1
5474 251 1
5474 3542 1
5474 3007 1
5474 4634 1
5474 4053 1
5474 5477 1
5474 7829 1
5474 8257 1
5474 5232 1
5474 8276 1
2569 5433 2
2569 2404 2
2569 3397 2
2569 6009 1
2569 2675 1
2569 1189 1
5457 3397 3
5457 1194 1
5457 10 1
5457 7514 1
5457 2778 1
5457 3980 1
5457 1224 1
5457 655 1
5457 1354 1
6555 2993 3
6555 7492 1
6555 1194 1
6555 7972 1
1392 5433 2
1392 243 1
1392 7604 1
1392 6470 1
1392 1590 1
7944 1700 2
7944 2200 2
7944 7176 2
7944 4465 2
7944 5433 2
4859 6255 1
4859 1041 1
3758 3367 1
3758 4076 1
3758 3076 1
3758 6394 1
1545 2352 1
8372 2472 1
8372 7176 1
8372 1780 1
4994 8276 2
4994 1525 2
4994 2801 2
7384 5009 7
257 2200 2
257 6501 1
2352 1545 1
2352 3607 1
5429 7604 1
6854 1193 2
6854 5105 1
6854 3284 1
6854 1041 1
2472 6217 3
2472 19 3
2472 2801 3
1747 2521 1
5797 6255 1
5797 5400 1
4578 5687 1
4578 3178 1
4578 1590 1
4578 2472 1
4578 7604 1
4578 8251 1
4578 2993 1
4578 4540 1
4578 6890 1
4578 8271 1
7114 4465 1
7114 7564 1
7114 2569 1
7114 5807 1
7114 5290 1
7114 120 1
7114 3397 1
7114 7261 1
7114 4600 1
8257 2461 1
8257 5474 1
8257 3542 1
8257 3068 1
8257 5292 1
8257 5477 1
8257 7829 1
8257 3907 1
8257 5232 1
844 6255 1
844 2472 1
7261 939 2
7261 1113 2
7261 5687 2
7261 1700 2
7261 1719 2
7261 4465 1
3645 8010 2
50 4309 2
50 3397 2
50 7461 2
50 3367 2
50 2801 2
50 1681 2
7289 5687 1
7289 7492 1
7289 3952 1
7289 8461 1
286 942 2
286 8276 2
286 939 2
286 577 2
286 2606 1
286 3042 1
286 5807 1
286 583 1
286 6894 1
286 6652 1
286 3907 1
286 5419 1
286 1912 1
128 7564 1
2982 6571 1
2982 8499 1
755 5105 2
755 8271 2
755 5419 2
755 1590 1
3409 2942 2
3409 3057 2
3409 2898 2
3409 1525 2
3409 6619 2
4826 8393 1
4826 2606 1
4826 3344 1
4826 3614 1
4826 4052 1
4826 5254 1
4826 4849 1
4826 975 1
2928 7045 6
2928 7492 6
2928 6890 5
2928 7556 5
2928 5241 5
2928 8461 3
9 7492 1
9 4190 1
4943 961 1
4943 1309 1
4943 6255 1
4943 583 1
4943 2606 1
4943 6652 1
651 6255 1
5843 1720 7
5843 1392 1
5843 19 1
5843 4578 1
5843 7492 1
5843 1298 1
5843 3542 1
7484 1184 4
7484 5992 4
7484 4774 4
7484 1226 4
7484 118 4
7484 7808 4
7484 6166 4
7484 5192 4
7484 1405 4
7484 3178 4
7484 1525 4
7484 5685 4
7484 7510 4
7484 942 4
7484 1062 4
7484 4548 4
7484 722 4
7484 3350 4
7484 7838 4
7484 7556 4
7484 3397 4
7484 7492 4
7484 3577 4
7484 5329 4
7484 8169 4
7484 2034 4
7484 3477 4
7484 1719 4
7484 6628 4
7484 6171 4
7484 19 1
7484 2998 1
7484 1530 1
7484 2240 1
7484 5843 1
7484 3109 1
7484 6467 1
7484 4065 1
7484 5614 1
7484 3663 1
7899 6379 5
7899 8131 5
7899 4383 4
7899 3577 4
7899 19 4
7899 7176 4
7899 4184 4
7899 6003 4
7899 5687 4
7899 1636 4
1636 3546 8
1636 4124 6
1636 1720 6
1636 5985 6
1636 4060 6
1636 8434 5
1636 4548 5
1636 8054 5
1636 4004 5
1636 3784 5
1636 5329 5
1636 942 5
1636 6166 5
1636 4184 5
1636 5089 5
1636 3007 5
1636 1525 5
1636 8131 5
1636 67 4
1636 7899 4
5793 3577 3
5793 87 3
5793 7264 3
5793 7492 3
5793 19 3
5793 5793 3
5793 6886 3
5793 6470 3
5793 1591 3
5793 1226 3
6470 5793 3
6470 7136 1
6470 939 1
6470 7608 1
6518 5614 2
8054 4184 7
8054 8354 7
8054 8061 5
599 3397 6
599 6166 6
599 5985 6
2998 7264 4
2998 5433 3
2998 3427 3
2998 7001 2
2998 4440 2
2998 3208 2
2998 7856 2
2998 5807 2
2998 8350 2
2998 1135 2
2998 3525 1
2998 583 1
2998 1990 1
2998 3007 1
2998 312 1
2998 3542 1
2998 1525 1
2998 4383 1
2998 911 1
2998 1290 1
2998 10 1
2998 2041 1
2998 969 1
2998 5477 1
2998 6491 1
2998 2675 1
2998 7492 1
2998 8461 1
2998 5400 1
2998 7145 1
2998 1810 1
2998 5614 1
2998 3109 1
2998 8036 1
2998 1194 1
2998 6255 1
2998 4817 1
2998 5687 1
2998 942 1
2998 988 1
988 4383 1
988 5843 1
988 7492 1
988 19 1
988 7053 1
988 3964 1
6321 473 1
6321 7176 1
6321 3509 1
67 6890 5
67 8461 5
67 3318 5
67 8010 4
4124 2801 3
4124 7409 3
4124 333 3
4124 7751 3
4124 7264 3
4124 5379 3
4124 1226 3
4124 5050 3
4124 7510 3
4124 3007 3
4124 7492 3
4124 7760 3
4124 4060 3
4124 891 3
4124 8019 3
4124 3577 3
4124 6509 2
4124 969 2
4124 505 2
4124 8113 2
4124 942 2
4124 5614 2
4124 3907 2
8131 4184 5
8131 1636 5
8131 7899 5
8131 19 4
22 172 1
22 2607 1
22 8122 1
22 7513 1
22 8461 1
22 243 1
22 2993 1
5420 7008 7
5420 6166 7
5420 8354 7
5420 7264 7
5420 1859 7
5420 3577 7
5420 4184 7
5420 5159 7
3520 7838 5
3520 19 1
413 5685 2
1717 3446 2
1717 6619 1
1717 4346 1
7970 7264 2
7970 5379 1
7970 4147 1
7970 6371 1
8165 7492 1
8165 19 1
8165 8166 1
8165 8226 1
3603 5687 1
3603 2998 1
3603 6619 1
3603 832 1
3603 2569 1
3603 5436 1
3603 5685 1
3603 2993 1
3603 3500 1
3603 7264 1
8166 8165 1
7067 2030 6
7067 4184 5
7067 5745 4
7067 3074 4
7067 2935 4
7608 3178 1
7608 939 1
7608 1298 1
7608 5640 1
7608 7421 1
7608 6470 1
7608 3296 1
7608 2204 1
8290 19 2
8290 8251 2
8290 7970 2
8443 5614 1
8443 2998 1
8443 3603 1
1226 3427 4
1226 6166 3
1226 8061 3
1226 3397 3
1226 5159 3
1226 5793 3
1226 3577 3
1226 942 3
1226 4383 2
1226 7492 2
1226 7264 2
1226 1226 2
4309 7461 2
4309 1151 2
4309 4160 2
4309 50 2
4309 7987 2
4309 5159 2
4309 1504 2
4309 3367 2
2248 6890 10
2248 583 10
2248 8227 10
2248 308 10
2248 644 9
2248 5281 9
2248 2485 9
2248 3497 9
1867 5598 10
8115 243 1
8299 3577 8
7304 3076 2
7304 3178 1
7304 6255 1
7304 6978 1
7304 3351 1
7304 7176 1
7304 7421 1
7304 2139 1
7304 3673 1
7304 22 1
7304 374 1
2876 7067 5
2876 8169 5
2876 5192 4
2876 5379 4
2876 1664 4
2876 4818 4
4030 942 1
4030 7492 1
4030 7006 1
4030 1184 1
4030 7510 1
4030 4743 1
4359 1590 1
4359 5838 1
4359 1700 1
4359 5687 1
5286 7492 1
5286 3952 1
5286 6856 1
5286 7358 1
5286 4630 1
1608 4459 1
1608 4830 1
1608 2942 1
1608 583 1
1608 6255 1
1608 8388 1
1608 5850 1
1608 7492 1
1608 2521 1
1608 8403 1
1608 4383 1
1608 7158 1
1608 8053 1
1608 4666 1
1608 4749 1
1608 4440 1
1608 6837 1
1608 5121 1
1608 557 1
1608 3645 1
4318 2461 1
4318 389 1
4318 3542 1
4318 7313 1
4318 3007 1
4318 5397 1
4318 7492 1
4318 2439 1
4318 8321 1
4318 7418 1
4318 7542 1
4318 6217 1
4318 5400 1
4318 7972 1
4318 3213 1
4318 8113 1
4318 5590 1
4318 2224 1
4318 4666 1
4318 6371 1
2521 3178 1
2521 4108 1
2521 939 1
2521 3401 1
2521 2439 1
2521 32 1
2521 2308 1
2521 7377 1
2521 1523 1
2521 1747 1
2521 1608 1
2521 975 1
2521 4065 1
2521 2896 1
7980 942 1
7980 3845 1
7980 6217 1
7980 3376 1
7980 3284 1
7840 4548 6
7840 8010 6
7840 7510 6
7840 2942 2
7840 2041 2
7840 942 2
7840 6258 2
7840 6467 2
6602 7510 3
6602 942 3
6602 4774 3
385 942 1
385 1700 1
385 967 1
385 7512 1
385 5850 1
385 6894 1
385 2993 1
385 2764 1
3828 3178 4
3828 8010 4
3828 6628 4
3828 6217 4
3828 8461 4
3828 4590 4
3828 4655 4
3828 893 3
3828 5241 3
3828 942 3
3828 6509 3
3828 2935 3
3828 7492 3
3828 7264 3
3828 8221 3
3828 1719 3
3828 5422 3
3828 5433 3
3828 4600 3
3828 6166 3
3828 5159 3
3828 118 3
3828 87 3
3828 333 3
3828 7001 3
3828 7510 3
3828 1700 3
3828 1405 3
3828 969 3
3828 3397 3
3828 473 3
3828 5455 2
3828 5105 2
3828 8436 2
3251 7510 6
3251 1719 2
3251 8350 2
7315 2993 2
7315 1700 2
391 8515 1
3971 939 1
3971 6009 1
3971 8420 1
3971 2606 1
3971 5807 1
3971 2942 1
3971 6637 1
3971 3980 1
3971 2993 1
3971 8142 1
3971 7264 1
4108 8350 2
4108 6976 1
4108 4849 1
4108 4930 1
2791 3546 10
2791 308 10
6524 1313 1
1062 5241 7
1062 2702 7
1062 1187 6
1062 942 4
1062 1359 4
7728 3497 7
7728 2002 7
7728 5089 6
7728 839 4
7728 8169 3
7728 3842 3
7728 5433 3
7728 2034 3
7728 1590 3
7728 1700 2
7728 2041 2
7728 7354 2
7728 302 2
7728 5687 2
7728 2404 2
7728 6009 1
7728 2331 1
7728 6890 1
5316 6467 2
5316 3525 1
5316 3284 1
5316 5811 1
8227 6578 11
8227 2856 10
8227 7846 10
8227 6890 10
8227 4590 10
8227 5089 10
8227 3397 10
8227 2034 10
8227 3238 10
8227 7351 10
8227 1131 10
8227 803 10
8227 635 10
8227 748 9
8227 1525 9
8227 7008 9
8227 2248 9
8227 1225 9
8227 5159 9
8227 5599 9
8227 308 9
8227 7973 9
8227 583 9
5281 2248 9
5281 2648 9
5281 583 9
5281 3845 9
5281 1525 9
5281 2633 9
5281 3497 9
5338 5687 1
5338 6035 1
5338 3525 1
5338 3772 1
5338 7794 1
5338 2735 1
5338 4148 1
5338 1448 1
5338 975 1
7515 7604 1
7515 5433 1
7515 4603 1
7515 7721 1
7515 2224 1
7515 1273 1
5521 3525 1
7219 3525 1
7219 3007 1
7422 8276 3
7422 4004 3
3068 3798 2
3068 4803 2
3068 5685 2
3068 5687 2
3068 1903 1
3068 3542 1
3068 7828 1
3068 8257 1
3068 2529 1
4903 7393 2
2648 2702 7
2648 3577 5
2648 5089 5
2648 6485 5
2648 3178 5
2648 6166 5
2648 7604 4
2648 1305 1
168 2404 2
168 7728 2
168 118 2
168 3525 1
168 6009 1
168 6555 1
168 7604 1
8003 5316 1
8003 5687 1
8003 6255 1
8003 939 1
8003 377 1
3109 3903 2
3109 19 1
3109 2314 1
3109 7393 1
3109 7564 1
3109 7990 1
3109 3178 1
3109 6081 1
3109 6255 1
3109 1700 1
3109 2993 1
3109 3508 1
5364 961 4
5364 942 4
8235 3542 1
8235 5397 1
8235 6487 1
8235 6637 1
8235 3508 1
4540 5521 1
4540 1903 1
4540 6255 1
4540 3525 1
4540 113 1
4540 4578 1
1359 942 4
1359 1062 4
6895 308 2
6895 7513 2
6895 942 2
6895 5967 2
6895 6009 2
6895 6217 2
2584 942 3
2584 7510 3
8420 4108 1
8420 1405 1
8420 1933 1
8420 3883 1
8420 8012 1
8420 1912 1
8420 3971 1
8420 949 1
8420 6813 1
8420 4196 1
2754 6255 1
2754 1525 1
2754 5477 1
600 983 1
600 583 1
600 6487 1
600 2114 1
600 8142 1
600 6457 1
389 3534 2
389 6255 2
389 2801 2
389 3542 1
389 3007 1
389 3178 1
389 4053 1
389 2606 1
389 172 1
389 600 1
2776 939 2
2776 7510 2
2776 118 2
2776 1525 2
2776 3907 1
2776 4586 1
2776 2993 1
2776 3542 1
2776 583 1
2776 1293 1
2776 7418 1
2776 1700 1
2776 172 1
2776 7264 1
2776 7135 1
2776 1226 1
2776 8436 1
2776 6637 1
2776 2606 1
2776 6652 1
2776 3534 1
2776 961 1
1184 942 2
1184 4666 2
1184 7987 2
1184 6107 2
1184 7828 2
1184 1903 2
1184 7492 2
1184 118 1
1184 4585 1
1184 7006 1
6813 3007 1
6813 1525 1
6813 3845 1
6813 3178 1
6813 743 1
6813 5590 1
6813 1903 1
6813 7264 1
5397 5687 1
5397 1700 1
5397 939 1
5397 583 1
5397 3525 1
5397 5477 1
5397 2993 1
5397 3284 1
7855 3542 1
7855 5521 1
7855 1354 1
7855 8461 1
7855 7980 1
7855 641 1
1889 4548 1
3446 7602 2
3446 5614 2
3446 3525 1
5464 3007 3
5464 3735 3
5464 4053 2
5464 942 2
5464 2461 2
5464 7828 2
5464 7973 2
5464 505 2
5464 3542 2
5464 1720 2
5464 2778 2
5464 4548 2
6948 118 2
6948 3601 2
6948 8461 2
6948 5159 2
6948 7828 2
6948 4163 2
6948 3367 2
6948 8367 2
6948 7492 2
6948 1903 2
6948 1719 2
6948 1525 2
6948 308 1
6948 2569 1
6948 5614 1
6948 6619 1
6948 2998 1
6948 3525 1
6948 7728 1
6948 4465 1
6948 3542 1
6948 1933 1
6948 5797 1
6948 566 1
6948 3178 1
6948 942 1
4293 5397 1
4293 8080 1
4293 1148 1
4293 3967 1
4293 3538 1
4293 4270 1
4293 2680 1
4293 2124 1
4293 1509 1
4293 5065 1
4293 7316 1
4293 4686 1
675 3525 1
675 7492 1
675 6483 1
8300 1309 1
8300 3178 1
8300 939 1
8300 5640 1
8300 1427 1
8300 641 1
8300 6654 1
6147 417 1
3735 4774 4
3735 3367 3
3735 4666 3
3735 3397 3
3735 7264 3
3735 7510 3
3735 7760 3
3735 942 3
3780 7492 1
3780 473 1
3780 308 1
3780 8372 1
3780 4160 1
3780 6371 1
3780 5419 1
3508 5419 1
7135 1113 2
7135 4578 1
7354 5842 2
7354 2404 2
7354 2993 2
2575 2404 2
2575 2998 2
7418 7915 1
7418 638 1
6578 7008 11
6578 3845 10
6578 7902 10
6578 6166 9
6578 308 9
6578 1525 9
7305 3007 1
7305 2935 1
7305 473 1
7305 5419 1
1504 5614 2
1504 4309 2
1504 6641 2
1504 4994 2
1504 8349 2
1504 1719 2
1504 6652 2
1504 942 2
1504 6715 1
169 1943 2
169 8349 2
169 5614 2
169 7467 2
5419 173 1
5419 3508 1
7313 2575 3
7313 7145 1
7313 4318 1
2808 6166 6
2808 803 5
2808 118 4
2808 1226 4
2808 7264 3
2808 5159 3
4425 5400 1
4425 1059 1
4425 7461 1
3322 5985 9
3322 8381 9
3322 5299 6
3322 7264 5
1066 6166 5
1066 2808 3
1066 3397 3
1066 942 3
1066 3735 3
5413 3525 2
7684 3784 8
7684 2034 8
7684 6166 8
7684 7008 7
7684 5241 7
7684 2041 3
7684 1719 2
7684 7135 2
7684 8142 2
7684 2801 2
7684 1189 1
7684 4774 1
7684 6886 1
7684 6009 1
1338 6222 6
1338 1664 6
1338 8169 4
3784 3238 8
3784 3798 8
3784 1225 8
3784 5379 8
3784 942 7
3784 8461 7
3784 8354 7
3784 3845 7
3784 7264 7
3784 5614 7
3784 6089 7
3784 5159 7
3784 5009 7
3784 7510 7
3784 1719 7
3784 8381 7
3784 5985 7
3784 7008 7
3784 3497 7
3784 1525 7
3784 6166 6
3784 5197 6
2566 4590 9
2566 5159 9
2566 969 9
2566 5379 8
2566 6166 8
2566 753 8
2566 7351 8
2566 7264 8
2566 1525 7
2566 5089 7
1664 2030 7
1664 1338 6
1664 2870 6
1664 6222 5
1664 2935 5
1664 3074 5
1664 4774 5
1664 5159 5
1664 8169 5
1664 5192 5
1664 4818 4
5842 1338 4
5842 2870 4
5842 8169 4
5842 8061 3
5842 7461 2
5842 2569 2
5842 6501 2
5842 7354 2
5842 7383 2
5842 3401 2
5842 6734 1
5842 5419 1
5842 4600 1
858 3798 5
858 6166 5
858 1525 5
858 5089 5
858 2935 4
5092 5687 1
5092 6371 1
7847 4774 2
7847 5614 2
7447 7447 4
7447 1700 2
6589 7354 2
6589 4160 2
6589 473 2
961 5687 1
961 939 1
961 1590 1
961 2472 1
961 7492 1
961 911 1
961 2606 1
961 7987 1
961 2569 1
961 6652 1
961 1448 1
961 975 1
3844 5985 8
3844 5009 7
2200 6501 2
6286 7751 5
6286 4818 5
7351 2935 11
7351 8227 10
7351 7846 10
7351 583 9
7351 308 9
7351 5159 9
7351 3007 9
7351 5379 8
7351 6166 8
7351 7008 8
7351 7760 8
7351 2566 8
7351 4991 7
7351 7264 7
7351 3497 6
7351 5089 6
5400 939 1
5400 3401 1
5400 2993 1
5400 3798 1
5400 6652 1
920 1525 9
920 1719 6
920 3397 3
920 5379 2
920 7264 2
920 942 2
920 4578 1
5761 4991 6
7766 3577 2
7766 3367 2
7766 5379 2
7766 7264 2
3074 1664 5
3074 5159 4
3074 7264 4
3074 2935 4
7409 7351 6
7409 5009 6
7409 8169 4
7409 3007 4
7409 5745 4
7409 2935 4
7409 2808 3
7409 920 3
7409 1525 3
7409 7024 3
7409 5551 3
7409 5793 3
7409 4124 3
7409 7264 3
7409 5159 3
89 6501 2
89 7264 2
89 7418 1
2030 2935 9
2030 8169 6
2030 4991 6
2030 1664 6
1370 6255 1
1370 6457 1
6222 2935 6
6222 1664 5
6222 8169 5
2202 6166 1
6641 7492 1
6641 6323 1
6641 891 1
6641 8142 1
6641 5687 1
7368 1664 5
7564 7114 1
7564 128 1
926 7264 1
3008 5793 4
8432 4991 7
8432 1664 5
8432 4818 5
4163 6948 2
4147 4053 2
4147 5477 1
4147 4666 1
791 4818 4
2675 3397 1
2675 1004 1
2675 1194 1
2675 2942 1
2675 1758 1
2675 6501 1
2675 1890 1
2675 7510 1
2675 2569 1
2675 3883 1
2675 1719 1
2675 6890 1
2675 5807 1
2675 7176 1
2675 3351 1
2675 6856 1
2675 1912 1
2675 5223 1
2675 2993 1
2598 5761 8
2598 4991 8
7578 89 3
7145 6255 1
7145 6501 1
7145 1226 1
1576 7264 3
5551 7264 3
5551 7510 3
2161 3178 1
2161 939 1
2161 5105 1
2161 3772 1
2161 4774 1
2161 7264 1
2206 1041 1
2206 6920 1
2206 1157 1
2206 6457 1
5452 6780 1
5452 6166 1
5452 7289 1
6503 1525 1
1400 6304 1
3332 308 10
3332 1525 10
8374 1525 3
8374 1226 3
8374 893 3
8374 5329 3
8374 4547 1
8374 939 1
8374 3771 1
8374 8265 1
8374 1784 1
8374 4065 1
8374 3178 1
8374 6255 1
4908 1760 1
4908 1998 1
3545 2461 1
3545 942 1
3545 4548 1
3545 1700 1
3545 3178 1
3545 583 1
3545 3525 1
3545 1405 1
3545 118 1
3545 1453 1
3545 6217 1
3545 8515 1
3545 7513 1
3545 2942 1
3545 8461 1
3545 5685 1
3545 7176 1
3545 3907 1
3545 3397 1
3545 7264 1
5475 3508 1
879 3178 1
879 7721 1
879 8151 1
879 939 1
7843 939 1
7843 6255 1
3092 7840 2
3092 918 1
3092 7405 1
3092 3883 1
3092 8122 1
3092 1912 1
3092 1560 1
3092 3907 1
3092 4743 1
2203 7729 1
6422 5687 1
6422 7794 1
6422 3907 1
6422 7675 1
6422 2086 1
6422 3538 1
6422 2735 1
6422 4293 1
6422 4662 1
6422 4148 1
7473 7264 10
7473 748 10
7473 2856 10
7473 3546 10
5990 961 1
5990 6217 1
6107 3944 2
6107 7264 2
6107 118 2
6107 3483 2
6107 1184 2
6107 1226 2
6107 6217 2
3296 6571 1
3296 7966 1
3296 7393 1
3296 6938 1
3296 89 1
3296 8271 1
3296 6405 1
3296 6179 1
3296 7429 1
6457 3798 8
6457 3525 1
6457 2993 1
6457 1590 1
1313 7176 1
62 961 1
62 5687 1
62 939 1
62 5105 1
62 7418 1
62 2993 1
5223 939 1
5223 2308 1
5223 1427 1
5223 4666 1
5223 3296 1
5223 1780 1
5223 6405 1
2218 939 1
2218 8073 1
2218 5823 1
7514 3178 1
7514 542 1
8080 1148 1
8080 7675 1
8080 1593 1
8080 4293 1
8080 3383 1
8080 3106 1
8080 1448 1
5807 6890 2
5807 473 2
5807 5614 2
5807 1248 2
5807 7728 1
5807 7264 1
5807 3367 1
5807 1700 1
5807 7304 1
5807 3883 1
5807 8142 1
3355 7492 1
3355 998 1
3355 757 1
3355 3533 1
4791 5192 4
1760 5316 1
1760 3178 1
1760 32 1
1760 5850 1
1760 675 1
1760 7305 1
505 4548 3
505 3735 3
505 6509 2
505 4124 2
505 5614 2
505 1151 2
505 7808 2
505 1525 2
505 942 2
505 4866 2
505 479 2
505 5464 2
505 1441 2
2760 1187 1
2760 1903 1
2760 2778 1
2760 5614 1
312 19 3
312 3178 1
312 2998 1
312 577 1
312 173 1
1943 7354 2
1943 1720 2
1943 1187 2
1943 8515 2
4049 5687 1
4049 5105 1
4049 2402 1
4049 566 1
4049 7022 1
4049 5429 1
4049 4576 1
4049 3809 1
1135 832 2
1135 2801 2
1135 1151 2
1135 5110 2
1135 3051 2
1135 1719 2
1135 2942 2
1135 6652 2
1135 5687 1
1135 2117 1
6010 5687 2
6010 3416 2
6010 5433 2
6010 5685 2
6035 2776 1
6035 3534 1
4634 8108 1
4634 5474 1
4634 3178 1
4634 3542 1
4634 6936 1
4634 3952 1
4634 7586 1
4634 8257 1
4634 4986 1
4634 8276 1
4634 4368 1
4634 1898 1
4634 5811 1
7695 5105 1
4438 5433 2
4438 2331 1
4438 5687 1
4438 1590 1
4438 8515 1
4438 2993 1
4438 7604 1
6715 7048 1
6715 1504 1
374 3542 1
374 2606 1
374 2942 1
4664 3362 1
4664 5312 1
4664 7794 1
4664 3284 1
4664 3533 1
3051 1135 2
3051 1711 1
7647 7446 2
7647 942 1
7647 7923 1
7647 884 1
6203 8403 1
6203 2998 1
3808 939 1
7586 8073 1
3533 939 1
3533 172 1
3533 2942 1
3533 3355 1
3533 385 1
4817 2998 1
5614 8010 10
5614 2248 10
5614 8354 10
5614 7846 10
5614 3497 8
5614 5009 8
5614 4184 8
5614 3844 8
5614 3322 8
5614 3784 7
5614 6089 7
5614 4590 6
5614 4004 6
5614 5985 6
5614 3318 6
5614 3819 5
5614 5089 5
5614 8169 5
5614 6509 2
5614 7542 2
5614 1867 2
5614 8113 2
5614 7944 2
5614 4108 2
5614 635 2
5614 8213 2
5614 7574 2
5614 6813 2
5614 3944 2
5614 3845 2
5614 3427 2
5614 7847 2
5614 5590 2
5614 4589 2
5614 5967 2
5614 7315 2
5614 6938 2
5614 6467 2
5614 3976 2
5614 6890 2
5614 7304 2
5614 1504 2
5614 7001 2
5614 6022 2
5614 6217 2
5614 7467 2
5614 2400 2
5614 2201 2
5614 6619 2
5614 6143 2
5614 8151 2
5614 1580 2
5614 4053 2
5614 4305 2
5614 918 2
5614 3251 2
5614 5599 2
5614 7002 2
5614 5842 2
5614 1450 2
5614 5413 2
5614 7176 2
5614 8122 2
5614 6207 2
5614 6877 2
5614 6062 2
5614 1305 2
5614 1187 2
5614 1248 2
5614 5522 2
5614 1943 2
5614 473 2
5614 2404 2
5614 6589 2
5614 1184 2
5614 6486 2
5614 505 2
5614 7354 2
5614 2778 2
5614 6503 2
5614 2139 2
5614 4124 2
5614 5679 2
5614 939 2
5614 4994 2
5614 4548 2
5614 8251 2
5614 8091 2
5614 4465 2
5614 310 2
5614 8436 2
5614 1226 2
5614 4147 2
5614 7766 2
5614 3397 2
5614 3367 2
5614 6641 2
5614 3718 2
5614 479 2
5614 1590 2
5614 19 2
5614 8276 2
5614 2898 2
5614 2769 2
5614 3903 2
5614 169 2
5614 6518 2
5614 2200 2
5614 5379 2
5614 3284 2
5614 308 2
5614 998 2
5614 5243 2
5614 7383 2
5614 8350 2
5614 5457 2
5614 3849 2
5614 5464 2
5614 6652 2
5614 3007 2
5614 1151 2
5614 3601 2
5614 577 2
5614 2606 2
5614 6838 2
5614 7987 2
5614 5050 2
5614 2993 2
5614 3051 2
5614 5159 2
5614 3483 2
5614 4911 2
5614 2801 2
5614 6886 2
5614 2041 2
5614 7261 2
5614 3941 2
5614 6895 2
5614 8196 2
5614 1720 2
5614 6657 2
5614 1700 2
5614 3446 2
5614 8349 1
5614 6009 1
5614 4438 1
5614 5436 1
5614 8142 1
5614 7684 1
5614 8443 1
5614 6675 1
5614 2231 1
5614 10 1
5614 3842 1
5614 2760 1
5614 2607 1
5614 2569 1
5614 5110 1
5614 8461 1
5614 1135 1
5614 3477 1
5614 4586 1
5614 7972 1
5614 7135 1
5614 8515 1
5614 6487 1
5614 1758 1
5614 302 1
5614 7264 1
5614 389 1
5614 5433 1
5614 3076 1
5614 4346 1
5614 5452 1
5614 4666 1
5614 583 1
5614 3109 1
5614 3542 1
5614 4440 1
5614 3798 1
5614 2461 1
5614 7510 1
5614 3964 1
5614 4774 1
5614 961 1
5614 1889 1
5614 1719 1
5614 942 1
5614 6166 1
5614 6255 1
5614 3178 1
5614 7513 1
5614 1954 1
5614 911 1
5614 4817 1
5614 5477 1
5614 8321 1
5614 7923 1
5614 7970 1
5614 4101 1
5614 118 1
5614 3525 1
5614 7492 1
5614 1525 1
5614 5329 1
5614 113 1
5614 8300 1
5614 4173 1
5614 1405 1
5614 2998 1
5614 566 1
5614 3907 1
5614 7484 1
5614 7828 1
5614 3416 1
5614 5687 1
5614 1903 1
5614 3538 1
5614 1933 1
5614 1784 1
6062 1700 2
6062 3007 2
6062 308 2
6062 6487 2
6062 2331 1
6062 1590 1
6062 5105 1
6062 942 1
6062 3178 1
2902 308 5
6268 3497 7
6268 7728 7
5967 8251 2
5967 6895 2
5967 6652 2
5967 3416 1
3182 1590 1
1485 1371 1
6486 5614 2
6486 942 2
6486 6914 2
6486 1719 2
6486 308 2
3416 6010 2
3416 2114 1
3416 939 1
3416 7604 1
3416 6009 1
3416 1952 1
3416 8350 1
3416 3545 1
3416 4053 1
3416 6487 1
3416 5292 1
3416 5967 1
3416 655 1
3416 4585 1
644 2856 9
644 6578 9
644 6890 9
644 7351 9
644 1525 9
644 5599 9
644 583 9
644 8010 9
644 3007 9
644 6166 9
644 2248 9
644 3546 9
644 3238 9
644 3845 9
644 2034 9
644 2485 9
644 5523 9
644 5009 9
644 3497 9
644 5985 7
3351 1700 1
3351 2942 1
1193 7513 2
1193 2041 2
1193 5685 2
1193 6854 2
1193 2993 1
1193 3842 1
6724 7604 1
6724 118 1
6619 1113 2
6619 5422 2
7456 2652 1
7922 7513 1
3718 1943 2
6054 88 2
2735 939 1
2735 918 1
2735 6637 1
2735 2993 1
2735 5687 1
581 939 1
581 715 1
6304 3178 1
6304 1590 1
6304 583 1
6304 2998 1
6304 5105 1
6304 6555 1
6304 3883 1
6304 1400 1
6304 8515 1
6304 5967 1
6304 8461 1
6304 7176 1
6304 787 1
4536 7492 3
4536 3427 2
4536 918 2
1305 7492 1
1305 8403 1
1305 583 1
1305 1448 1
1305 2606 1
1305 5477 1
1305 6035 1
1305 3895 1
1305 2648 1
1305 3344 1
1305 1273 1
1305 6725 1
1305 1354 1
2898 333 3
2898 7510 3
2898 8019 3
2898 7760 3
2898 7492 2
2898 2041 2
2898 942 2
2898 2942 2
2898 3367 2
2898 1719 2
2898 2801 2
333 3036 5
333 3367 3
333 942 3
333 2898 3
333 1525 3
333 7510 3
333 8019 3
333 2041 3
7672 8019 3
7672 2942 3
7672 4776 3
1552 5433 2
1552 6009 1
6661 3367 2
2600 3007 3
7613 3798 2
7613 1590 1
7613 8080 1
7613 4774 1
7613 939 1
7613 6188 1
7613 3178 1
7613 2293 1
7613 4270 1
7613 4866 1
7613 675 1
3588 942 3
3509 2801 3
3509 3367 2
3509 2041 2
3509 6323 1
3509 577 1
3509 7917 1
3509 2942 1
3509 1719 1
3509 6255 1
3509 1315 1
3509 4440 1
3509 6321 1
3509 5477 1
3509 62 1
3509 3767 1
3509 3525 1
3509 5338 1
127 5687 1
5446 7513 6
5088 4053 2
5088 5477 2
5088 7828 2
5088 3542 2
5088 2778 2
5088 3007 2
5088 5590 2
5088 3907 1
4585 3416 1
4585 8073 1
4585 1952 1
4585 6487 1
4585 6003 1
4585 1184 1
4585 1933 1
4585 7512 1
4585 7513 1
4585 5452 1
4585 7922 1
1004 4305 2
1004 6871 2
1004 2041 2
1004 128 1
1004 2675 1
1004 1765 1
1004 8271 1
1004 5419 1
6393 8416 2
6393 473 1
6393 6255 1
6393 1933 1
6460 4155 1
6460 4438 1
6460 3248 1
6171 4184 4
6171 1796 4
6171 3178 4
6171 7409 4
6171 1525 4
7467 169 2
7467 7828 2
7467 6812 2
7467 7542 2
7467 1450 2
6764 1405 5
6764 893 4
6764 8515 3
6764 1187 3
3263 1405 5
3263 7510 5
3263 6890 5
3263 1525 5
3263 3238 5
6781 8515 4
6781 1405 4
6781 7510 4
6781 1187 3
992 7510 7
7353 5009 8
7353 3238 6
7353 3497 6
7353 5985 6
893 6217 4
893 5422 4
893 969 4
893 4004 4
893 4586 4
893 5329 4
893 2801 4
893 3007 4
893 3397 4
893 7492 4
893 6781 4
893 4548 3
893 7393 3
893 4590 3
893 5241 3
893 7808 3
893 6764 3
893 1226 3
893 3828 3
893 8374 3
893 1719 3
893 8515 3
893 1405 3
893 1525 3
893 118 3
893 1187 3
893 7510 3
893 942 3
2400 8515 6
2400 7492 4
6179 1523 1
6179 8515 1
2485 644 9
2485 5985 9
2485 7760 9
1450 7510 2
1450 7467 2
6571 2604 1
6571 4283 1
6571 2982 1
6571 4791 1
6571 5105 1
6571 374 1
6571 1810 1
6571 4849 1
6571 633 1
6571 2090 1
6571 7013 1
6571 1590 1
6571 939 1
6571 2778 1
6571 3296 1
6571 5640 1
6571 2521 1
6571 4134 1
6571 3401 1
6571 2472 1
6571 581 1
2425 939 1
2425 5105 1
2425 5850 1
1436 7377 1
82 1700 1
82 5527 1
82 939 1
82 1226 1
82 2993 1
82 4065 1
3419 6255 1
3419 3178 1
3419 939 1
1984 5105 1
5090 4108 1
5090 32 1
5090 3772 1
5090 5687 1
4847 939 1
4847 19 1
4847 5243 1
4847 666 1
4847 5197 1
4847 7141 1
1029 950 1
506 5687 1
506 1590 1
6654 8300 1
964 4510 1
7729 3178 1
6472 5662 1
6472 8003 1
2950 8436 2
2950 5105 1
6081 3958 3
6081 939 1
6081 4791 1
6081 1590 1
2080 3178 1
2080 939 1
2080 3401 1
2080 7048 1
2080 1758 1
2080 2942 1
2080 7012 1
2080 3296 1
2080 4065 1
2080 3419 1
3324 4578 1
4637 3178 1
4637 1029 1
4637 1313 1
1157 3178 1
1157 2206 1
1157 7768 1
1157 7915 1
1157 7013 1
1157 3771 1
1985 939 1
1985 2993 1
1523 6333 1
4412 3178 1
3607 2352 1
8127 5477 1
6079 1719 2
6079 7492 2
6079 5687 1
6079 4359 1
6079 1765 1
6079 6306 1
6079 5090 1
6079 385 1
6079 7068 1
3653 3178 1
582 4053 1
582 2402 1
3963 939 1
3963 5105 1
3963 1560 1
3963 6354 1
6405 3296 1
6405 5223 1
8426 5687 1
8426 5850 1
8426 6371 1
8426 3824 1
7839 1590 1
3440 3284 1
3440 8003 1
4510 1309 1
4510 3296 1
4510 964 1
4357 2439 1
5176 4065 1
1537 1590 1
5232 5474 1
5232 8257 1
1309 7492 1
1309 5640 1
1309 4101 1
1309 4943 1
1309 3907 1
1309 8300 1
2939 5105 1
2008 8267 1
1584 939 1
1584 99 1
1780 3525 1
1780 8127 1
1780 4148 1
1780 1448 1
1780 3972 1
1780 975 1
950 1029 1
641 2993 1
641 1590 1
1530 939 1
1530 8403 1
1530 3564 1
742 7176 2
251 5474 1
251 2461 1
251 8257 1
3767 1354 1
2090 5687 1
4930 4108 1
4930 939 1
4930 8515 1
918 1525 4
918 6143 2
918 2993 2
918 4536 2
918 942 2
918 6619 2
918 8077 1
918 2735 1
918 7350 1
918 7604 1
918 7393 1
918 3092 1
8053 5687 1
6188 8151 1
6188 7613 1
6637 5687 1
6637 1405 1
6637 6217 1
6637 8235 1
6637 6652 1
6637 573 1
6637 6275 1
369 1371 1
5662 942 1
5662 3296 1
8012 8012 3
8012 3178 1
8012 8420 1
2071 939 8
2071 3525 1
2071 3808 1
2071 3462 1
2071 641 1
2071 4440 1
2071 3653 1
2071 1590 1
2071 5687 1
5811 5316 1
5811 4634 1
5811 4231 1
7048 4994 2
7048 1226 1
7048 3178 1
4190 6936 1
4190 7492 1
4190 7438 1
4190 6306 1
4190 5065 1
3772 1758 1
3772 6630 1
3772 1378 1
3772 3575 1
5110 942 1
5110 168 1
4735 4065 1
4630 7492 1
8122 3546 9
8122 3798 2
8122 7492 2
8122 2993 1
8122 7684 1
8122 3092 1
8122 8271 1
8122 583 1
4686 4293 1
4686 5397 1
4686 1148 1
4686 386 1
4686 1509 1
4686 5065 1
2896 173 1
99 7841 1
99 1584 1
2204 7608 1
2204 4065 1
6851 961 1
884 7446 2
884 7647 1
2604 1298 1
5023 1719 3
5023 961 1
5023 6255 1
5023 939 1
5023 5687 1
5023 6501 1
5023 8436 1
5023 7879 1
5023 7264 1
5023 8271 1
1242 4576 1
1242 2213 1
1242 3821 1
379 3178 1
379 939 1
2792 3178 1
2792 5640 1
7841 1590 1
7841 5678 1
7841 1550 1
7841 7393 1
7841 99 1
7841 755 1
7841 2124 1
7841 3296 1
7841 7922 1
7841 19 1
7841 32 1
7841 2308 1
7841 7048 1
7841 6571 1
7841 1529 1
7841 7429 1
7841 3178 1
7841 939 1
1912 832 1
1912 4578 1
1912 3907 1
1912 4586 1
1912 10 1
1912 6217 1
1912 1933 1
1912 5807 1
1912 942 1
1912 3092 1
1912 7794 1
1912 8515 1
1912 583 1
1912 2675 1
1912 8420 1
1912 286 1
1912 6652 1
1912 1922 1
1912 4666 1
1912 7264 1
1912 655 1
1912 2606 1
1912 1448 1
1912 633 1
259 2137 1
1427 7088 1
1427 5223 1
1427 939 1
1427 8300 1
7068 755 1
7068 6079 1
7068 5419 1
2654 506 1
7429 4637 1
1738 4586 1
1738 583 1
1738 6938 1
5506 2829 1
6394 7515 1
6394 2132 1
6394 7012 1
1448 939 1
1448 3525 1
1448 577 1
1448 2606 1
1448 7794 1
1448 2152 1
1448 6652 1
7851 7972 1
7851 2041 1
3344 939 1
3344 761 1
3344 7604 1
3344 4578 1
3344 577 1
3344 742 1
3344 2606 1
3344 755 1
3344 961 1
3344 2993 1
3344 3178 1
3344 4826 1
3344 1305 1
3344 4576 1
3344 631 1
2073 10 1
2073 577 1
6536 1309 1
6536 1448 1
4627 1590 1
4627 4387 1
1904 5687 1
1904 4586 1
1904 939 1
1904 583 1
1904 10 1
1904 1354 1
1904 6652 1
1904 2993 1
2132 6394 1
2706 2461 1
2706 3542 1
2706 942 1
2706 666 1
2706 6217 1
2706 1933 1
2706 5477 1
2706 417 1
2706 3980 1
2706 6306 1
2706 3528 1
2706 6147 1
2706 883 1
2706 4682 1
2706 5457 1
2706 22 1
6766 757 1
6105 6487 1
6105 967 1
1015 6405 1
3980 2461 1
3980 583 1
3980 4578 1
3980 6217 1
3980 3971 1
3980 2993 1
6483 3845 1
6483 7829 1
6483 3855 1
6483 5232 1
6483 6306 1
6483 8297 1
6483 3614 1
6483 386 1
6483 675 1
6483 4190 1
1890 2675 1
4434 6255 1
4434 1194 1
4434 2569 1
4434 7176 1
5290 7114 1
4682 2461 1
4682 961 1
4682 2706 1
4682 666 1
4682 417 1
4682 6147 1
6594 8462 1
6594 2778 1
6594 3542 1
6594 4986 1
6594 4132 1
6594 5254 1
6594 8352 1
6421 939 1
6421 1926 1
6421 2606 1
6421 3397 1
6421 7693 1
6421 675 1
453 3859 1
6936 4634 1
6936 3534 1
6936 2293 1
6936 4270 1
6936 5065 1
6936 7316 1
975 5338 1
975 6311 1
975 5523 1
975 2606 1
975 1378 1
975 1448 1
975 3972 1
2605 2569 1
2605 577 1
2605 4634 1
5101 7350 1
4481 583 1
4481 3777 1
4481 4576 1
4776 7672 3
4776 3508 2
4776 473 2
4776 5807 2
4776 7987 2
4776 2308 1
6306 6936 1
6306 2706 1
6306 5477 1
6306 8297 1
6306 4147 1
6306 4293 1
6306 7316 1
6306 4190 1
1922 1912 1
233 7604 1
233 7176 1
233 8003 1
3855 5477 1
3855 6483 1
3240 7980 1
3240 2152 1
5851 3798 1
4007 3508 1
1021 2942 2
1021 308 2
1021 3922 1
1021 3178 1
1021 6255 1
1021 5477 1
6102 3516 1
5050 4124 3
4346 8276 2
4346 118 1
4346 1525 1
7421 1187 3
7421 7304 1
7421 2993 1
7421 7102 1
7421 583 1
7421 1719 1
7421 7492 1
7421 6734 1
7421 473 1
7421 4131 1
7421 6780 1
7421 1679 1
7421 67 1
7421 3477 1
7421 8515 1
7421 2402 1
7421 1221 1
7421 2231 1
7421 3845 1
7421 7383 1
7421 4586 1
2308 4776 2
2308 7012 1
3004 8073 1
1784 1926 1
1784 8374 1
1784 2293 1
1784 4211 1
1784 374 1
1784 2972 1
1784 4866 1
1784 4576 1
1784 675 1
1784 133 1
6510 4362 1
7301 5527 1
120 5292 1
6711 1933 1
6711 5614 1
6711 7879 1
6711 4749 1
6711 790 1
949 8349 1
949 8073 1
949 3883 1
949 8420 1
949 7980 1
949 939 1
949 4147 1
949 6035 1
949 2778 1
8388 4578 1
2124 5397 1
2124 4270 1
903 939 1
8265 7405 1
4362 6510 1
4968 113 1
4968 118 1
8008 3845 1
8008 3525 1
8008 4603 1
8008 3777 1
8008 7438 1
8008 2086 1
8008 7836 1
8008 374 1
8008 6179 1
5825 5477 1
5825 6306 1
1354 2461 1
1354 3007 1
1354 1405 1
1354 1904 1
1354 7855 1
1354 4576 1
1354 655 1
7688 983 1
6734 5842 2
757 5687 1
757 5455 1
757 5807 1
757 5477 1
757 633 1
7141 5243 1
7141 7289 1
7141 4847 1
3534 473 2
3534 389 2
3534 2776 1
3534 1888 1
3534 2993 1
5112 5687 1
5112 1315 1
5112 4586 1
5112 3542 1
5112 3109 1
5112 7728 1
5112 3076 1
5112 5433 1
5112 1194 1
5112 7510 1
5112 2569 1
5112 2942 1
5112 2993 1
5112 8142 1
5112 4847 1
5112 1189 1
2734 5687 2
2734 113 2
2734 10 1
1315 7492 1
1315 757 1
1315 7972 1
1315 3509 1
1315 2993 1
3500 2998 1
3500 3603 1
3500 2993 1
3500 5400 1
3500 3798 1
3500 8304 1
7836 2776 1
7836 6877 1
7836 3534 1
7836 2212 1
7836 6189 1
7836 1888 1
7836 607 1
7053 988 1
5378 8096 1
2845 3120 1
2845 6571 1
2341 6371 1
4111 3542 1
4111 1933 1
4111 6711 1
4111 790 1
3859 453 1
7088 6255 1
7088 1427 1
7088 5850 1
7088 4065 1
557 2993 1
557 6571 1
557 3178 1
6821 3397 1
655 3525 2
655 1700 1
655 5455 1
655 2461 1
655 3416 1
655 2606 1
655 1889 1
655 4076 1
655 3883 1
655 7794 1
655 1354 1
655 1912 1
655 2993 1
655 7135 1
7006 7492 2
7006 942 1
7006 6255 1
7006 2942 1
7006 1184 1
7006 4030 1
7006 7972 1
7006 4743 1
1236 473 2
1236 3601 2
1236 5687 1
7794 6255 1
7794 2776 1
7794 3525 1
7794 3397 1
7794 1448 1
4283 942 4
7617 3542 1
7617 2634 1
377 2472 1
377 8003 1
3883 118 1
4803 3068 1
172 1700 1
172 3416 1
172 7728 1
172 5105 1
172 1474 1
172 5807 1
172 2942 1
172 4438 1
172 4600 1
4866 33 2
4866 5464 2
4866 2778 2
4866 3542 2
4866 4548 2
4866 505 2
4866 7973 2
4866 374 1
4866 1784 1
4866 2972 1
4866 675 1
4866 2293 1
4576 1926 1
4576 5850 1
4576 1242 1
4576 2972 1
4576 4231 1
7868 1184 1
7868 290 1
7868 6003 1
3633 2402 1
3633 6016 1
3633 2152 1
3633 6371 1
302 118 2
302 168 2
2212 6255 1
2212 2776 1
2212 6859 1
2212 7836 1
2212 1293 1
2212 6744 1
2212 7057 1
2212 607 1
2212 3534 1
2212 6189 1
2212 1448 1
2212 1888 1
6323 4053 1
1293 2776 1
1293 3525 1
1293 3534 1
1293 7836 1
1293 2212 1
1293 6189 1
1293 1888 1
1293 7057 1
1293 607 1
1293 6744 1
3575 3772 1
3575 5521 1
3575 7693 1
4387 4627 1
4387 2563 1
3964 6255 1
3964 3178 1
3964 1903 1
1290 2998 1
1290 1187 1
1290 4155 1
1290 5522 1
1290 4600 1
6859 1154 1
6859 2212 1
4270 2124 1
4270 4293 1
573 6255 1
573 3178 1
573 939 1
573 3542 1
573 3952 1
573 3564 1
573 7828 1
573 8008 1
573 5292 1
573 5477 1
573 6637 1
573 8276 1
573 4293 1
573 607 1
573 3508 1
7007 883 1
7007 4132 1
7007 1394 1
7007 2972 1
7007 8352 1
1274 8073 1
1274 4578 1
1274 5687 1
1274 939 1
1274 3525 1
1274 7264 1
6371 4578 1
6371 2606 1
6371 5400 1
6371 3178 1
2693 3842 1
2693 7828 1
2693 4666 1
1189 1700 1
1189 4774 1
1189 2569 1
1189 4160 1
1189 3508 1
1189 2404 1
3401 5433 1
3401 4155 1
3401 5400 1
3248 3525 1
3248 6460 1
3248 4284 1
8367 4124 3
8367 5640 2
8367 5159 2
8367 7728 2
8367 5433 2
8367 7461 2
8367 1174 2
8367 7393 2
8367 4911 2
8367 3446 2
8367 2461 2
8367 7264 2
8367 6838 2
8367 939 2
8367 7261 2
8367 7987 2
8367 5614 2
8367 2529 2
8367 3907 2
8367 8461 2
8367 8196 2
8367 5105 2
8367 6895 2
8367 3520 2
8367 6948 2
8367 6255 2
8367 967 2
8367 1719 2
8367 4600 2
8367 5400 2
8367 5850 2
8367 3180 2
8367 6166 2
8367 6630 2
8367 2404 2
8367 6501 2
8367 1700 2
8367 7510 2
8367 5842 2
8367 5687 2
8367 1274 2
8367 4774 2
8367 3508 2
8367 3780 2
8367 7492 1
173 4160 1
173 5419 1
1036 2569 1
6095 5687 1
6095 2935 1
6095 5807 1
6095 2457 1
6095 8461 1
3076 4465 2
2489 7301 1
2489 641 1
2489 964 1
2489 2977 1
2489 939 1
3163 6255 1
565 7418 1
6614 2935 1
6126 7828 1
2977 2489 1
2977 964 1
3141 3542 1
3141 3109 1
3141 1405 1
3141 4155 1
3141 7586 1
7768 2569 1
7768 2341 1
1687 1338 4
1687 7230 1
738 5105 2
738 1717 2
7102 5527 1
8023 6035 1
2835 2652 1
2835 7456 1
386 5232 1
386 1354 1
386 2293 1
386 3857 1
386 8297 1
386 4270 1
386 6483 1
386 4052 1
386 4866 1
386 675 1
386 4686 1
386 4190 1
1509 1148 1
1509 4293 1
1509 7316 1
1509 4686 1
1881 942 1
1881 7492 1
1881 641 1
1881 635 1
5104 118 1
5104 1758 1
5104 7879 1
5104 6890 1
3149 8077 1
3922 5477 1
3922 3612 1
4001 4777 1
1059 7461 3
1059 5687 1
1059 4425 1
4842 3542 2
4842 8108 1
4842 8420 1
4842 2563 1
3673 3542 1
7446 7024 3
7446 884 2
7446 5159 2
7446 7647 2
1990 2998 1
7358 2606 1
7358 757 1
7358 5286 1
4423 5640 1
4423 4076 1
4423 633 1
4423 4412 1
4173 5614 1
4173 5807 1
6832 942 3
6832 3045 1
3756 5687 1
4459 369 1
638 7377 1
6208 942 3
6208 1719 1
6208 6657 1
6208 2041 1
6208 3401 1
4504 6217 1
3180 4383 1
8210 4284 1
8210 3397 1
8210 3248 1
8403 2776 1
8403 5523 1
8403 4578 1
8403 6203 1
8403 577 1
8403 10 1
8403 4547 1
8403 1015 1
8403 5850 1
8403 8461 1
8403 6652 1
8403 6371 1
8403 1608 1
8403 6457 1
5800 6217 1
7316 8080 1
7316 1148 1
7316 4190 1
7316 6306 1
7316 4270 1
7316 1509 1
7316 5065 1
7316 4777 1
7316 6936 1
7316 4293 1
7316 2124 1
7316 5397 1
7316 2293 1
6856 8073 1
6856 3109 1
6856 3525 1
6856 7492 1
6856 4578 1
6856 2606 1
6856 2675 1
6856 5286 1
6856 6371 1
125 5400 1
6016 3633 1
3538 6422 1
3538 4293 1
5065 6936 1
5065 5397 1
5065 1148 1
5065 2293 1
5065 2124 1
5065 4293 1
5065 4777 1
5065 4190 1
7923 7987 2
7923 251 1
7923 1903 1
7923 6467 1
7923 5614 1
7923 2998 1
7923 1525 1
7923 3367 1
7923 3362 1
7923 8349 1
7923 8349 1
7923 3367 1
7923 5687 1
2293 6936 1
2293 7438 1
2293 386 1
2293 2680 1
2293 1509 1
2293 4293 1
2293 374 1
2293 2972 1
2293 5065 1
2293 4866 1
2293 4749 1
2293 7316 1
2293 7613 1
2293 675 1
2293 6837 1
2293 4190 1
5838 4359 1
5838 7794 1
3903 3525 2
290 1719 1
290 3178 1
290 7868 1
1926 1784 1
1926 675 1
1926 133 1
5440 8151 1
69 2652 1
69 7456 1
69 2835 1
2769 1226 2
2769 7176 1
7461 7461 2
7461 2404 2
7461 7510 2
7461 5842 2
7461 1590 2
7461 6914 2
7461 2993 2
7461 4600 2
7461 6501 2
7461 3367 2
7461 6838 2
7461 4425 1
8091 4440 2
8091 7024 2
3958 4440 2
3958 3842 2
39 2200 2
3646 7492 2
3646 7264 2
3646 942 2
3646 3397 2
3646 8461 2
3646 2461 2
3646 7970 2
3646 7510 2
3646 1719 2
3646 81 2
3646 3508 2
3646 168 2
3646 1717 2
3646 8436 2
3646 118 2
3646 5687 2
3646 2801 2
3646 2041 2
3646 6009 2
3646 5477 2
3646 6838 2
3646 6652 2
5535 4720 1
5535 4663 1
5558 1700 2
8213 6062 2
8213 5116 2
8213 473 2
8213 635 2
8028 6035 1
3465 6524 1
6258 2993 2
6258 19 2
7002 2993 2
7002 7461 2
566 583 7
2086 6936 1
2086 1378 1
2086 2439 1
2086 8008 1
2086 3019 1
2086 6422 1
2086 417 1
2086 7675 1
2086 8296 1
2086 7456 1
2086 3564 1
2086 2563 1
2086 4101 1
2086 4052 1
2086 655 1
2086 1448 1
2086 6035 1
2086 961 1
6687 133 1
6687 1926 1
6687 939 1
6687 675 1
6675 3542 1
3013 3007 2
3013 1184 2
3013 7828 2
3013 3542 2
3013 7510 2
5537 583 1
7693 3772 1
7693 3575 1
6311 5223 1
931 8251 2
931 1601 2
931 832 2
931 3601 2
1174 8251 2
1174 8122 2
1174 2993 2
2139 6217 1
8307 1525 2
8307 6467 2
7136 1926 1
7136 6470 1
7136 504 1
7136 675 1
7350 2712 3
1453 8142 1
1453 633 1
6207 473 2
6207 7510 2
6207 5614 2
6207 3718 2
6207 6467 2
6207 3601 2
6207 939 2
6207 7421 2
5135 7264 2
3057 5687 2
3057 3409 2
1478 4465 2
1248 2801 2
1248 1590 2
2350 5687 1
2350 2993 1
2350 6744 1
7735 7604 2
4655 4590 4
4655 1719 4
4655 8142 4
4655 8251 4
4655 7492 4
4655 7510 4
4655 1525 4
2809 3845 1
2809 675 1
310 5614 2
310 3007 1
310 473 1
1580 6619 2
5243 7141 1
5243 4847 1
1591 8019 3
1591 1590 3
1591 942 3
1591 2942 3
1591 8461 3
1591 5793 3
7013 4124 2
7013 7510 2
7013 1720 2
7013 5614 2
7013 675 1
7013 1780 1
7013 1448 1
7013 1584 1
7013 4383 1
7013 1157 1
7013 6571 1
2171 1525 2
2171 3178 2
2171 8489 2
2171 2529 1
2171 4053 1
2906 4776 2
5616 3525 1
4060 3546 11
4060 3577 9
4060 1221 8
4060 3367 8
4060 2566 8
4060 5614 8
4060 6217 8
4060 7384 8
4060 33 8
4060 2030 8
4060 5159 8
4060 4548 8
4060 1062 8
4060 753 8
4060 4991 8
4060 3497 8
4060 7760 8
4060 1719 8
4060 4590 8
4060 3845 8
4060 2002 8
4060 7659 8
4060 4004 8
4060 7264 8
4060 5241 7
4060 5985 7
4060 920 7
4060 2856 7
4060 5089 6
4060 4184 6
4060 8354 6
4060 3819 6
4060 7556 6
4060 3542 5
4060 3350 4
4060 6628 4
4060 6890 4
4060 3842 4
4060 8461 4
4060 3318 4
4060 5329 4
4060 1345 4
4060 3178 4
4060 8010 4
4060 6166 4
4060 967 4
4060 1405 4
4060 7492 4
4060 5364 4
4060 2702 4
4060 2993 4
4060 3798 4
4060 1525 4
4060 7510 3
4060 7024 3
4060 3397 3
4060 4124 3
4060 942 3
722 942 3
722 4160 2
4706 7987 2
4706 2200 2
5299 3322 6
1774 505 3
7917 1719 3
7917 2942 3
7917 3735 3
7917 2341 3
7917 961 2
7917 5292 2
7917 5967 1
7917 3509 1
7285 5551 3
7285 3798 3
7285 3767 1
7285 7456 1
7285 1590 1
3637 1590 1
817 4774 5
2320 7510 5
1796 6171 4
1796 4184 4
8202 3007 1
8202 6619 1
8202 2863 1
6676 942 2
3462 2071 1
5509 8350 1
2820 4818 4
3045 6832 1
8434 1636 6
6157 5159 5
7902 308 10
1601 2231 2
6441 3397 6
6441 8461 6
6735 803 6
6735 3238 6
4158 8061 8
6089 2856 7
6089 1720 7
6089 3784 7
6089 1345 7
6089 7492 7
6089 3178 7
6089 7008 7
6089 7659 7
6089 8354 7
6089 3819 7
6089 7353 7
6089 992 7
6089 2002 7
6089 5614 7
6089 3577 6
6089 7351 6
6089 942 6
6089 7808 6
6089 6890 6
6089 3845 6
6089 3803 6
6089 1525 6
6089 6166 6
6089 333 6
6089 7510 6
6089 5009 6
8502 4774 7
6380 2404 9
1170 5985 9
1170 2248 9
3972 4148 1
3972 3525 1
3972 1780 1
3972 975 1
4323 7846 10
8439 5009 9
8439 3798 9
8439 4589 9
8439 5985 7
8439 3497 7
5598 635 10
5598 7492 10
5598 7264 10
5598 308 10
5598 1867 10
5586 308 10
4160 5379 10
4160 1525 6
4160 6628 6
4160 3577 6
4160 8061 6
112 8010 11
112 3546 11
112 6578 11
3290 2801 3
3290 942 1
7574 4284 3
7574 5842 2
7574 3007 2
7574 7492 2
7574 8010 2
7574 1405 2
7574 5135 2
7574 5329 2
7574 4600 2
7574 19 2
7574 7510 2
7574 118 2
7574 4666 2
7574 3542 2
7574 3907 2
7574 942 2
7574 5687 2
8393 7492 1
8393 4434 1
2152 7492 1
2152 7393 1
2152 3240 1
2152 1448 1
2459 1525 5
2459 4578 1
6319 6422 1
6319 583 1
6319 8403 1
6319 3612 1
6319 3845 1
6319 6654 1
1441 2998 2
1441 6255 2
1441 8461 2
1441 832 2
1441 7492 2
1441 5023 2
1441 6503 2
1441 505 2
7158 3178 1
7158 7418 1
7158 2942 1
7158 4160 1
7158 2224 1
7158 1608 1
7158 6276 1
7158 4600 1
6725 3178 1
6725 2993 1
6725 6255 1
6725 7675 1
6725 5587 1
6725 633 1
4279 3525 3
7501 7492 1
7501 1912 1
7501 6652 1
7501 3907 1
7501 787 1
8226 124 1
8226 4383 1
8226 2472 1
8226 8436 1
8226 4160 1
8226 8165 1
8226 939 1
8226 5485 1
8226 7492 1
2458 939 1
2458 651 1
2458 5197 1
2458 4847 1
2458 4663 1
2458 3296 1
2458 89 1
2458 4065 1
2458 581 1
2458 789 1
790 1933 1
790 6711 1
7438 8008 1
7438 3777 1
7438 2293 1
7438 4190 1
4662 6422 1
4662 6890 1
8077 2727 1
8077 3149 1
8077 8271 1
7915 5687 1
7915 3525 1
7915 2521 1
7915 1157 1
7915 124 1
4101 5527 1
4101 6255 1
4101 1309 1
4101 3525 1
4101 2439 1
4101 8321 1
4101 2086 1
4101 4134 1
4101 8271 1
340 715 1
4076 3178 1
4076 5455 1
4076 3545 1
4076 5433 1
4076 4423 1
4076 8257 1
4076 655 1
1954 251 1
1954 8403 1
1954 2606 1
1954 1454 1
1954 723 1
1954 675 1
1954 6837 1
3213 942 1
3213 7393 1
3213 4318 1
3213 8489 1
3181 6371 1
771 939 1
771 3542 1
771 6371 1
264 5614 1
264 2569 1
4986 3178 1
4986 3542 1
4986 4634 1
4986 8257 1
4986 4438 1
4986 8276 1
4986 6594 1
4986 3562 1
4986 8352 1
2141 3178 1
1723 3324 1
1560 8073 1
1560 7405 1
1560 5640 1
1560 1015 1
1560 947 1
1560 3296 1
1560 3092 1
1560 3963 1
1560 6354 1
2863 939 1
1358 5616 3
1358 5614 1
1358 3109 1
1358 2998 1
8499 3525 1
8499 2982 1
8499 5615 1
8499 6457 1
8499 844 1
8499 4642 1
8499 22 1
1593 8080 1
1593 1148 1
6894 5687 1
6894 939 1
6894 1590 1
6894 583 1
6894 3525 1
6894 19 1
6894 2606 1
6894 5640 1
6894 7512 1
6894 286 1
6894 385 1
6894 7922 1
1422 942 1
1422 3798 1
1422 6491 1
7685 942 1
7685 1952 1
7685 2942 1
8297 942 1
8297 6306 1
8297 4190 1
3528 942 1
3528 2706 1
3528 5477 1
3528 2680 1
6744 577 1
6744 3534 1
6744 2350 1
3383 1148 1
3383 8080 1
3383 6306 1
7829 2829 1
7829 6483 1
7829 7901 1
5321 4053 1
5321 5477 1
865 7510 2
865 2314 2
865 50 2
865 6003 2
1711 3051 1
1711 3313 1
1711 1866 1
4112 3545 1
4112 473 1
7901 5474 2
7901 7829 1
3614 1725 1
3614 6483 1
1378 5527 1
1378 939 1
1378 3772 1
1378 3883 1
1378 2086 1
1378 975 1
3738 3109 1
3738 7542 1
3738 6890 1
8108 6936 1
8108 4634 1
8108 4368 1
8108 1898 1
8108 4842 1
4052 3564 1
4052 3019 1
4052 4148 1
4052 9 1
4052 975 1
4052 2606 1
1648 1700 1
8462 6594 1
8462 374 1
8462 6938 1
8462 675 1
8352 666 1
8352 4986 1
8352 7007 1
8352 883 1
8352 6594 1
883 2706 1
883 7794 1
883 5477 1
883 6306 1
883 4147 1
883 8352 1
504 7136 1
3612 3845 1
3612 6319 1
3612 4173 1
3612 3922 1
105 6637 1
6574 4586 1
6574 3007 1
6574 1131 1
6574 3976 1
6574 7053 1
6574 5477 1
6574 8257 1
6574 7135 1
5615 3845 1
3396 5687 1
3396 3525 1
6119 5687 1
6119 2776 1
6119 6217 1
6119 583 1
2829 1220 1
2829 7829 1
2829 5506 1
6684 2606 1
6684 6725 1
6684 5587 1
4148 3525 1
4148 1780 1
4148 3972 1
4148 975 1
2563 4842 1
2563 4387 1
2563 1448 1
3376 3542 1
3376 7980 1
8267 939 1
4134 1041 1
2897 939 1
2897 2308 1
2897 1780 1
1866 1711 1
1866 3313 1
3313 1711 1
3313 1866 1
3224 6467 1
3224 7923 1
417 2706 1
417 666 1
417 4682 1
417 6147 1
7862 3545 1
4547 2100 1
5254 6594 1
4389 3525 1
6796 5116 2
6796 583 1
6567 1041 1
6567 4576 1
6567 4231 1
4284 5436 1
4284 2993 1
4284 3284 1
4284 8210 1
4284 3248 1
8296 3525 1
8296 5715 1
1725 3525 1
1725 3149 1
1725 3614 1
3562 4389 1
7255 939 1
7255 3545 1
3041 6107 1
3777 8008 1
3777 7794 1
3777 7438 1
3777 4481 1
3564 6255 1
3564 1530 1
3564 4052 1
2599 6255 1
1148 6936 1
1148 5397 1
1148 8080 1
1148 4270 1
1148 6594 1
1148 1509 1
1148 4293 1
1148 5065 1
1148 4686 1
133 1926 1
133 4211 1
133 1784 1
133 4576 1
133 675 1
133 6687 1
2634 3542 1
2634 7617 1
4196 5316 1
4196 4283 1
4196 8420 1
4196 8515 1
4196 4682 1
1394 7007 1
1394 4132 1
3019 4052 1
1888 2776 1
1888 6877 1
1888 3534 1
1888 7836 1
1888 2212 1
1888 6189 1
1888 7057 1
1888 607 1
3106 8080 1
3106 4190 1
607 2776 1
607 6877 1
607 3534 1
607 2212 1
607 6189 1
607 1888 1
607 6744 1
5434 6619 2
5434 4803 2
5434 3967 1
4132 3857 1
4132 5254 1
4132 7007 1
4132 6594 1
6837 600 2
8481 675 1
3857 5477 1
3857 4132 1
3857 386 1
829 8321 1
4777 4293 1
4777 5065 1
4777 4001 1
4777 7316 1
7223 8080 1
7022 4049 1
8096 5378 1
2727 675 1
3042 3883 1
3042 286 1
7057 3534 1
7057 2212 1
7057 6189 1
3120 5527 1
3120 2845 1
951 7828 1
723 1954 1
3072 8321 1
3072 6189 1
2679 7377 1
7675 6035 1
7675 8080 1
7675 1354 1
7675 6725 1
7675 5587 1
5587 7675 1
5587 6725 1
5587 6684 1
2191 128 1
4749 2293 1
4749 1608 1
2467 7012 1
2467 3663 1
3663 7012 1
3663 2467 1
3663 6275 1
4368 8108 1
4368 6936 1
4368 4634 1
4368 1898 1
1998 4908 1
1220 2829 1
2972 7007 1
2972 1784 1
2972 675 1
2680 3772 1
2680 1148 1
2680 4293 1
947 1560 1
2652 69 1
2652 7456 1
2764 5687 1
2764 4791 1
5492 5141 1
1690 1154 1
1454 2829 1
1454 1954 1
3967 3772 1
3967 4293 1
3967 5434 1
4720 4663 1
4720 5535 1
4720 8260 1
4663 5535 1
4663 4720 1
8260 5535 1
2007 4211 1
4211 2007 1
4211 1784 1
4211 675 1
4211 133 1
2100 961 1
2100 4547 1
6275 6637 1
6275 3663 1
5141 5492 1
