2318 6876
7064 6876
19482 6876
3635 6876
2023 6876
2017 6876
13366 6876
20727 6876
11938 6876
7390 6876
2116 6876
2095 6876
16408 6876
11937 6876
1645 6876
133 6876
1896 6876
20636 6876
1234 6876
8507 6876
4638 6876
2034 6876
1711 6876
1753 6876
19486 6876
1464 6876
854 6876
16330 6876
18593 6876
9229 6876
16688 6876
11140 6876
95 6876
11852 6876
944 6876
20460 6876
12393 6876
2072 6876
3754 6876
1542 6876
16532 6876
21630 6876
505 6876
6137 6876
13378 6876
21700 6876
8911 6876
2391 6876
11266 6876
3373 6876
2162 6876
15892 6876
1943 6876
2714 6876
12468 6876
1365 6876
557 6876
18930 6876
15964 6876
2645 6876
10495 6876
2132 6876
18220 6876
18364 6876
4432 6876
9608 6876
4291 6876
15461 6876
20152 6876
18656 6876
2760 6876
21909 6876
14323 6876
14561 6876
17050 6876
11094 6876
17253 6876
19527 6876
1558 6876
19383 6876
19386 6876
5859 6876
8405 6876
9706 6876
10138 6876
18176 6876
2425 6876
10137 6876
5534 6876
9970 6876
13471 6876
15798 6876
12290 6876
1182 6876
22077 6876
16059 6876
9261 6876
21078 6876
12597 6876
3339 6876
14434 6876
12005 6876
18154 6876
18179 6876
13568 6876
18160 6876
8298 6876
16618 6876
14562 6876
865 6876
949 6876
15866 6876
16882 6876
17091 6876
1715 2760
19486 2760
11182 2760
13366 2760
20460 2760
2714 2760
4881 2760
1927 2760
2095 2760
12723 2760
133 2760
1464 2760
2618 2760
16800 2760
6735 2760
17694 2760
2034 2760
10968 2760
3876 2760
21828 2760
11485 2760
1753 2760
944 2760
11698 2760
3157 2760
1896 2760
814 2760
1711 2760
17012 2760
2023 2760
16330 2760
6137 2760
17249 2760
3754 2760
9288 2760
1234 2760
15083 2760
6876 2760
1645 2760
3635 2760
3913 2760
11459 2760
16532 2760
6707 2760
505 2760
9229 2760
12422 2760
2523 2760
7797 2760
21700 2760
9555 2760
172 2760
2391 2760
7015 2760
10231 2760
18364 2760
328 2760
12707 2760
9150 2760
2348 2760
2883 2760
15476 2760
21909 2760
20986 2760
11266 2760
14051 2760
19228 2760
2628 2760
11033 2760
8595 2760
2760 2760
8418 2760
18927 2760
15964 2760
18930 2760
1542 2760
2645 2760
17050 2760
557 2760
19482 2760
2766 2760
18403 2760
2425 2760
322 2760
9608 2760
7064 2760
11484 2760
5876 2760
4638 2760
1943 2760
18636 2760
19041 2760
18220 2760
5683 2760
11094 2760
2480 2760
11937 2760
4623 2760
21261 2760
19714 2760
2072 2760
2819 2760
19527 2760
7846 2760
18725 2760
13451 2760
1558 2760
14640 2760
21630 2760
1145 2760
2494 2760
7281 2760
1174 2760
16092 2760
18251 2760
2135 2760
20814 2760
16881 2760
7582 2760
19160 2760
19386 2760
215 2760
21473 2760
20636 2760
21324 2760
14561 2760
12947 2760
8087 2760
3373 2760
4432 2760
13238 2760
6306 2760
6144 2760
13471 2760
15080 2760
12290 2760
14523 2760
12407 2760
64 2760
9261 2760
2104 2760
17253 2760
9326 2760
13499 2760
20727 2760
22045 2760
20511 2760
2318 2760
9706 2760
11427 2760
561 2760
2742 2760
4751 2760
15478 2760
5534 2760
21575 2760
7352 2760
10001 2760
8727 2760
14312 2760
16064 2760
61 2760
20494 2760
12452 2760
21302 2760
1182 2760
11793 2760
2017 18220
1896 18220
2023 18220
3373 18220
20460 18220
16532 18220
64 18220
18403 18220
9229 18220
15476 18220
2391 18220
2079 18220
117 18220
18364 18220
2348 18220
21599 18220
2072 18220
505 18220
15573 18220
7064 18220
8595 18220
19482 18220
1943 18220
5534 18220
3623 18220
1195 18220
14561 18220
115 18220
21733 18220
18930 18220
19114 18220
21956 18220
2645 18220
7057 18220
2742 18220
557 18220
18856 18220
2425 18220
2760 18220
61 18220
2523 18220
11094 18220
12947 18220
21261 18220
12686 3635
20460 3635
11459 3635
1715 3635
505 3635
1464 3635
2760 3635
7064 3635
2742 3635
2072 3635
4881 3635
2883 3635
3373 3635
18403 3635
11094 3635
3635 3635
1174 3635
9261 3635
18725 3635
557 3635
1558 3635
2425 3635
15798 3635
2137 3635
14523 3635
4376 3635
11588 3635
12422 3635
1715 557
2023 557
11459 557
6137 557
20460 557
21700 557
4881 557
1645 557
133 557
1896 557
17439 557
18593 557
2285 557
1464 557
20728 557
16688 557
1234 557
10968 557
3157 557
1473 557
17012 557
19947 557
9229 557
4661 557
15083 557
64 557
6130 557
14369 557
7064 557
328 557
8595 557
16800 557
15892 557
505 557
3635 557
21909 557
21733 557
20986 557
17770 557
1943 557
3373 557
4638 557
18930 557
14561 557
854 557
2034 557
12468 557
15964 557
6876 557
5277 557
115 557
18364 557
2645 557
754 557
1542 557
1711 557
4432 557
9608 557
19482 557
2766 557
18220 557
16881 557
10137 557
11937 557
21324 557
6793 557
18403 557
21473 557
2742 557
557 557
11094 557
61 557
1174 557
5534 557
5683 557
12947 557
2072 557
20511 557
2135 557
17050 557
10479 557
2760 557
15383 557
2523 557
9261 557
7352 557
1193 557
18725 557
1448 557
12451 557
4638 18930
557 18930
115 18930
18221 18930
10348 18930
11427 18930
2072 18930
21956 18930
19482 18930
14561 18930
18220 18930
9261 18930
2742 18930
18403 18930
2645 18930
21733 18930
61 18930
2023 61
12723 61
1711 61
2116 61
7015 61
115 61
1195 61
2645 61
1737 61
18930 61
10193 61
9384 61
18403 61
2425 61
19244 61
21733 61
11484 61
13568 61
2072 61
2523 61
18220 61
2480 61
557 61
1174 61
12733 61
11094 61
17050 61
5283 61
7672 61
5683 61
5534 61
21473 61
7064 61
10137 61
16110 61
13067 61
12728 61
9706 61
561 61
1558 61
18176 61
2135 61
2494 61
13471 61
14561 61
12947 61
11033 61
19527 61
9494 61
15798 61
19482 61
12106 61
3373 61
17253 61
14640 61
15476 61
2742 61
21575 61
2339 61
15383 61
7745 61
1425 2742
1715 2742
11182 2742
2318 2742
20636 2742
11140 2742
1753 2742
1927 2742
12038 2742
11459 2742
5813 2742
18593 2742
13936 2742
4881 2742
471 2742
1645 2742
133 2742
3157 2742
19486 2742
944 2742
1464 2742
2023 2742
18364 2742
16688 2742
2051 2742
8086 2742
21828 2742
11485 2742
9229 2742
11698 2742
1896 2742
1153 2742
17694 2742
17012 2742
1711 2742
3635 2742
1542 2742
2348 2742
17249 2742
20460 2742
13366 2742
2537 2742
10978 2742
6137 2742
13568 2742
2116 2742
64 2742
7064 2742
7797 2742
2391 2742
6707 2742
19631 2742
13591 2742
20986 2742
15964 2742
9261 2742
505 2742
2072 2742
11033 2742
8595 2742
7015 2742
18930 2742
11427 2742
2766 2742
18220 2742
19482 2742
557 2742
3623 2742
7582 2742
18403 2742
17253 2742
2425 2742
14561 2742
1558 2742
15476 2742
7007 2742
1234 2742
9706 2742
12947 2742
9944 2742
12290 2742
2760 2742
21575 2742
1943 2742
16565 2742
20021 2742
7182 2742
18176 2742
2339 2742
15383 2742
50 2742
17489 2742
61 2742
17196 2742
17730 2742
2737 2742
9809 2742
11484 2742
5876 2742
15798 2742
19486 15892
19114 15892
7797 15892
9261 15892
21700 15892
13653 15892
2072 15892
19482 15892
1753 15892
1542 15892
14561 15892
19228 15892
1943 15892
11266 15892
2760 15892
2714 15892
12468 15892
2425 15892
18950 15892
1182 15892
16322 15892
2339 15892
1234 752
1715 752
2318 752
1425 752
2023 752
14110 752
2017 752
12038 752
94 752
11938 752
11459 752
2348 752
1464 752
3157 752
944 752
2079 752
21010 752
1645 752
15842 752
19114 752
16445 752
64 752
18364 752
21683 752
11266 752
3623 752
18570 752
3176 752
2072 752
3754 752
8595 752
13366 752
21909 752
19117 752
6876 752
9261 752
2645 752
14561 752
1542 752
1711 752
5534 752
19482 752
2760 752
2425 752
18220 752
557 752
7064 752
7057 752
10216 752
2742 752
61 752
117 752
2523 752
2095 2425
17824 2425
3876 2425
1753 2425
17249 2425
505 2425
7378 2425
15083 2425
2348 2425
20986 2425
11266 2425
11484 2425
19115 2425
19228 2425
15892 2425
8595 2425
18950 2425
1615 2425
2425 2425
6876 2425
1943 2425
2714 2425
1711 2425
15479 2425
2645 2425
6793 2425
21733 2425
18364 2425
7057 2425
14758 2425
11937 2425
21324 2425
18220 2425
8642 2425
21909 2425
6852 2425
12452 2425
10367 2425
11094 2425
19527 2425
9608 2425
18403 2425
16322 2425
3373 2425
11562 2425
5683 2425
6306 2425
1174 2425
7064 2425
4955 2425
61 2425
1234 2425
2742 2425
15870 2425
5534 2425
14581 2425
1145 2425
1558 2425
13471 2425
13067 2425
11033 2425
7582 2425
8507 2425
14557 2425
9261 2425
3635 2425
15383 2425
12290 2425
4432 2425
15476 2425
1464 2425
117 2425
62 2425
1542 2425
2137 2425
2760 2425
18027 2425
19185 2425
20511 2425
10441 2425
17434 2425
7548 2425
1036 2425
7352 2425
12366 2425
3989 2425
14561 2425
14740 2425
20565 2425
3524 2425
10185 2425
12293 2425
22124 2425
13568 2425
12632 2425
16724 2425
9610 2425
13845 2425
7126 2425
2400 2425
3652 2425
18927 2425
12468 2425
12446 2425
3663 2425
9817 2425
2135 2425
3934 2425
10216 2425
18463 2425
11323 2425
10657 2425
47 2425
9944 2425
15798 2425
19482 2425
7745 2425
20727 2425
12947 2425
1715 11140
12038 11140
94 11140
2742 11140
20460 11140
11938 11140
2348 11140
19486 11140
133 11140
1645 11140
1234 11140
2095 11140
3157 11140
1464 11140
18593 11140
11459 11140
16688 11140
11852 11140
3876 11140
13568 11140
505 11140
1753 11140
1542 11140
64 11140
2523 11140
3299 11140
11266 11140
944 11140
19228 11140
19482 11140
18570 11140
2017 11140
21909 11140
18930 11140
3754 11140
2072 11140
7064 11140
2645 11140
2714 11140
19114 11140
17563 11140
17658 11140
11562 11140
8507 11140
9608 11140
6512 11140
2135 11140
61 11140
754 11140
4432 11140
6526 11140
10137 11140
12947 11140
5337 11140
13215 11140
20727 11140
4433 11140
7352 11140
2339 11140
9261 11140
2760 11140
2766 11140
1711 11140
2569 11140
13367 11140
5534 11140
2312 11140
8435 11140
1036 11140
11069 11140
12366 11140
14561 11140
19613 11140
10185 11140
20340 11140
18077 11140
5683 11140
16618 11140
2400 11140
2318 11140
6304 11140
18028 11140
20596 11140
4955 11140
949 11140
3946 11140
15383 11140
20494 11140
10348 11140
12452 11140
20814 11140
9751 11140
1182 11140
11459 2072
2318 2072
1715 2072
2034 2072
13366 2072
94 2072
1234 2072
1645 2072
1896 2072
18593 2072
1464 2072
21630 2072
3157 2072
11852 2072
1711 2072
21010 2072
8086 2072
16532 2072
17012 2072
2079 2072
1153 2072
3373 2072
19486 2072
4432 2072
1542 2072
2766 2072
15083 2072
2537 2072
2348 2072
17694 2072
15172 2072
20460 2072
19114 2072
117 2072
18364 2072
9229 2072
64 2072
13568 2072
18403 2072
328 2072
18220 2072
61 2072
8595 2072
2760 2072
1185 2072
9261 2072
505 2072
11266 2072
14561 2072
2742 2072
19482 2072
19228 2072
2645 2072
7064 2072
557 2072
4881 16372
133 16372
1464 16372
2285 16372
13568 16372
1896 16372
2116 16372
20152 16372
15964 16372
3373 16372
15479 16372
115 16372
10348 16372
2034 16372
12446 16372
2760 16372
13653 16372
11937 16372
21324 16372
4432 16372
21716 16372
11094 16372
10842 16372
2135 16372
9261 16372
17253 16372
7582 16372
4638 16372
20794 16372
1659 16372
14523 16372
20596 16372
5534 16372
95 16372
1448 16372
12451 16372
1715 9261
11459 9261
20636 9261
16561 9261
4881 9261
133 9261
17012 9261
8507 9261
1234 9261
2030 9261
8239 9261
18593 9261
2079 9261
1464 9261
11033 9261
18364 9261
16688 9261
21828 9261
8086 9261
1542 9261
11852 9261
1896 9261
20460 9261
21700 9261
19947 9261
7064 9261
15083 9261
1753 9261
9229 9261
15964 9261
6137 9261
19527 9261
2132 9261
18403 9261
1558 9261
328 9261
14561 9261
11266 9261
19228 9261
2742 9261
15892 9261
21733 9261
2714 9261
2034 9261
4821 9261
14293 9261
11937 9261
19438 9261
5534 9261
11094 9261
4419 9261
20096 9261
2072 9261
17253 9261
1174 9261
19030 9261
6876 9261
16372 9261
3635 9261
18176 9261
18725 9261
19631 9261
3623 9261
19386 9261
2318 9261
2425 9261
2760 9261
4432 9261
3373 9261
13471 9261
19362 9261
95 9261
3874 9261
1193 9261
15476 9261
7352 9261
15383 9261
557 9261
4752 9261
3746 9261
2737 9261
15798 9261
14811 2645
2072 2645
1615 2645
16800 2645
557 2645
970 2645
115 2645
1943 2645
7057 2645
19482 2645
18930 2645
21733 2645
2819 2645
2760 2645
19114 2645
5534 2645
18220 2645
7064 2645
2425 2645
1425 7064
1715 7064
19670 7064
2017 7064
2318 7064
10409 7064
2023 7064
12038 7064
13366 7064
94 7064
1753 7064
1464 7064
2116 7064
20727 7064
2095 7064
8724 7064
4881 7064
1645 7064
133 7064
13936 7064
944 7064
2034 7064
18593 7064
19486 7064
6735 7064
11459 7064
20636 7064
11033 7064
2618 7064
16688 7064
3157 7064
1896 7064
11852 7064
3876 7064
8086 7064
11698 7064
7390 7064
16532 7064
2030 7064
17694 7064
17012 7064
6137 7064
3635 7064
20460 7064
9261 7064
21630 7064
2537 7064
64 7064
21238 7064
9229 7064
3373 7064
7378 7064
2742 7064
1234 7064
557 7064
14369 7064
2391 7064
2079 7064
17249 7064
505 7064
2425 7064
18364 7064
14561 7064
15964 7064
15083 7064
12446 7064
8595 7064
1943 7064
18221 7064
18220 7064
2072 7064
19114 7064
115 7064
970 7064
1711 7064
16992 7064
2766 7064
2645 7064
19482 7064
1542 7064
7057 7064
2760 7064
2819 7064
18403 7064
13067 7064
61 7064
1174 7064
4955 7064
14758 21682
14561 21682
5370 21682
11094 21682
21682 21682
18725 21682
1558 21682
10242 21682
13215 21682
754 21682
10660 21682
4376 21682
16322 21682
62 21682
1726 21682
11590 21682
603 21682
18027 21682
1452 21682
1711 21682
20366 21682
18453 21682
11139 21682
21575 21682
8884 21682
8435 21682
1036 21682
12366 21682
18500 21682
8724 21682
1830 21682
12783 21682
3830 21682
13401 21682
16987 21682
13568 21682
7577 21682
7126 21682
2425 21682
11983 21682
18028 21682
3797 21682
9952 21682
5432 21682
9622 21682
9198 21682
12709 21682
3934 21682
17196 21682
6075 21682
10557 21682
1431 21682
10137 21682
13703 21682
15434 21682
1182 21682
12407 21682
16688 43
1615 43
19486 43
9229 43
2072 43
16800 43
2523 43
18364 43
17249 43
11140 43
16547 43
8595 43
2714 43
970 43
7064 43
18930 43
1711 43
2819 43
2645 43
1542 43
18220 43
1174 43
14561 43
10137 43
7057 43
557 43
19527 43
11094 43
12452 43
12410 43
2742 43
21042 43
19482 43
1558 43
2425 43
2494 43
18725 43
61 43
7064 3623
21010 3623
17563 3623
11266 3623
21909 3623
18570 3623
2819 3623
2072 3623
2645 3623
5534 3623
14561 3623
18220 3623
19482 3623
2742 3623
11094 3623
1145 3623
11562 3623
7352 3623
15798 3623
12947 3623
9261 3623
15383 3623
4432 3623
1726 3623
1542 3623
18027 3623
17188 3623
3630 3623
17202 3623
7577 3623
4324 3623
14641 3623
18028 3623
3797 3623
14758 3623
2339 3623
4433 3623
18725 3623
1464 19482
1715 19482
13277 19482
2095 19482
13366 19482
14110 19482
12038 19482
20727 19482
11938 19482
11459 19482
1645 19482
9261 19482
3157 19482
1234 19482
8086 19482
1896 19482
19486 19482
944 19482
17012 19482
20460 19482
17694 19482
3373 19482
19114 19482
21630 19482
2116 19482
18364 19482
18930 19482
9229 19482
13568 19482
2391 19482
15083 19482
7797 19482
20986 19482
11484 19482
11033 19482
8595 19482
18220 19482
322 19482
970 19482
12191 19482
1711 19482
2645 19482
1542 19482
15479 19482
2742 19482
7057 19482
4432 19482
7064 19482
2819 19482
21473 19482
557 19482
11562 19482
18403 19482
2072 19482
2760 19482
10137 19482
11094 19482
17050 19482
1558 19482
14561 19482
61 19482
1182 19482
117 19482
5534 19482
64 19482
2425 19482
12446 19482
10409 2079
9229 2079
9261 2079
13936 2079
21301 2079
1896 2079
8086 2079
2537 2079
8507 2079
2072 2079
64 2079
16532 2079
20460 2079
1153 2079
7064 2079
4638 2079
18220 2079
328 2079
12876 2079
14370 2079
11266 2079
18364 2079
7797 2079
1715 14561
3635 14561
12038 14561
94 14561
9261 14561
1711 14561
3754 14561
3362 14561
172 14561
2162 14561
7064 14561
18364 14561
21683 14561
12707 14561
505 14561
2348 14561
2318 14561
2819 14561
8595 14561
6876 14561
970 14561
18220 14561
2072 14561
2645 14561
19114 14561
1542 14561
557 14561
16800 14561
5534 14561
19527 14561
10137 14561
11094 14561
20721 14561
21686 14561
15870 14561
16110 14561
20494 14561
2742 14561
1234 14561
17253 14561
61 14561
19482 14561
19160 14561
13046 14561
20574 14561
18786 14561
7281 14561
12947 14561
1338 14561
14523 14561
2339 14561
12290 14561
17835 14561
4432 14561
1182 14561
16322 14561
20636 14561
2766 14561
603 14561
20511 14561
17188 14561
10441 14561
1036 14561
14836 14561
12366 14561
9346 14561
2509 14561
10951 14561
8002 14561
6728 14561
3962 14561
3623 14561
13568 14561
12632 14561
7577 14561
6877 14561
7126 14561
2425 14561
16992 14561
1193 14561
3797 14561
4955 14561
5676 14561
11907 14561
11725 14561
13670 14561
10787 14561
9198 14561
1234 2766
7064 2766
2760 2766
2072 2766
2819 2766
2645 2766
2742 2766
557 2766
61 2766
2425 2766
1711 2766
14561 2766
3623 2766
12410 2766
2135 2766
8507 2766
13215 2766
7352 2766
15476 2766
5534 2766
16322 2766
16653 2766
12366 2766
5337 2766
5824 2766
967 2766
10185 2766
15253 2766
13568 2766
7577 2766
18077 2766
18927 2766
12446 2766
2339 2766
3138 2766
15383 2766
183 2766
47 2766
17730 2766
13067 2766
1431 2766
15798 2766
10022 2766
1846 2766
20814 2766
12451 2766
9261 2766
1715 505
2023 505
2095 505
1927 505
4881 505
11459 505
133 505
1711 505
3876 505
1464 505
1234 505
16688 505
8086 505
6137 505
20460 505
17012 505
1153 505
16532 505
9261 505
6876 505
21700 505
19482 505
9229 505
64 505
1753 505
3373 505
2391 505
557 505
7064 505
2425 505
10231 505
328 505
2072 505
11266 505
2760 505
18220 505
18403 505
8595 505
19228 505
2742 505
19486 64
944 64
2079 64
505 64
3754 64
1542 64
18403 64
11266 64
6137 64
16800 64
7064 64
2072 64
18220 64
8595 64
2742 64
2760 64
19482 64
12947 64
506 64
16322 64
1464 64
2137 64
4752 64
7624 64
1198 64
14836 64
3830 64
20590 64
16304 64
12293 64
13568 64
18112 64
21682 64
7126 64
3652 64
3019 64
12468 64
16990 64
3308 64
21700 5277
18054 5277
3754 5277
2072 5277
2883 5277
20152 5277
3695 5277
1365 5277
2760 5277
7966 5277
1737 5277
4881 5277
5876 5277
9261 5277
14323 5277
4291 5277
14595 5277
21686 5277
15696 5277
8864 5277
3623 5277
18176 5277
12947 5277
18328 8086
12686 8086
13277 8086
2318 8086
1715 8086
2034 8086
13366 8086
11459 8086
94 8086
20460 8086
4881 8086
2348 8086
15479 8086
16800 8086
133 8086
21301 8086
18403 8086
13568 8086
2023 8086
20636 8086
2079 8086
18364 8086
18593 8086
1711 8086
9261 8086
16688 8086
13936 8086
19482 8086
2742 8086
1753 8086
3373 8086
2051 8086
2618 8086
3157 8086
1896 8086
17694 8086
21201 8086
505 8086
1234 8086
2537 8086
8864 8086
2072 8086
7064 8086
18786 8086
1715 5534
16688 5534
2072 5534
18403 5534
64 5534
2348 5534
9261 5534
8595 5534
9889 5534
19114 5534
18220 5534
12191 5534
1174 5534
2645 5534
1542 5534
19244 5534
21909 5534
557 5534
14561 5534
11094 5534
61 5534
12947 5534
13067 5534
2425 5534
3830 5534
16322 5534
15755 5534
4432 5534
2760 5534
1943 5534
15253 5534
6877 5534
3816 5534
2339 5534
18725 5534
15383 5534
10657 5534
19482 5534
2023 115
9261 115
2079 115
1300 115
854 115
16312 115
7064 115
61 115
10178 115
18220 115
18930 115
2645 115
2072 10137
2760 10137
5534 10137
10216 10137
21909 10137
11094 10137
117 10137
2135 10137
4955 10137
7582 10137
3138 10137
14460 10137
13471 10137
1174 10137
4432 10137
61 10137
1145 10137
17253 10137
21473 10137
7352 10137
557 10137
15886 10137
5337 10137
5505 10137
1193 10137
569 10137
10479 10137
1576 10137
18725 10137
15383 10137
47 10137
12451 10137
8507 15798
17253 15798
6137 15798
18636 15798
9706 15798
61 15798
12290 15798
3635 15798
19486 15798
17091 15798
13471 15798
9494 15798
17372 15798
9346 15798
7352 15798
1182 15798
16322 15798
62 15798
2742 15798
3373 15798
12758 15798
15389 15798
12293 15798
2425 15798
10479 15798
865 15798
12468 15798
2339 15798
15383 15798
18463 15798
7123 15798
9809 15798
19768 15798
12452 15798
1846 15798
2104 15798
18917 15798
1448 15798
12451 15798
1715 1711
6137 1711
18593 1711
3373 1711
20727 1711
9706 1711
1234 1711
8086 1711
17253 1711
12723 1711
2618 1711
16688 1711
9229 1711
1542 1711
16532 1711
505 1711
12422 1711
64 1711
11140 1711
17694 1711
17012 1711
2760 1711
18930 1711
21934 1711
11562 1711
9261 1711
2072 1711
2425 1711
7064 1711
61 1711
2645 1711
9608 1711
19244 1711
17091 1711
2766 1711
10137 1711
3623 1711
11937 1711
21042 1711
18176 1711
4432 1711
2135 1711
14561 1711
19482 1711
557 1711
2742 1711
14640 1711
3740 1711
8544 1711
603 1711
4751 1711
4752 1711
8435 1711
12366 1711
4219 1711
1700 1711
14050 1711
13568 1711
12632 1711
21682 1711
7577 1711
643 1711
3652 1711
12446 1711
1473 1711
10787 1711
15383 1711
17730 1711
7443 1711
15798 1711
12451 1711
2034 19486
505 19486
1715 19486
2017 19486
1234 19486
10409 19486
64 19486
13366 19486
1753 19486
2095 19486
2023 19486
20727 19486
4881 19486
16561 19486
1927 19486
1645 19486
13936 19486
1896 19486
13568 19486
18364 19486
7064 19486
6137 19486
11852 19486
14561 19486
9261 19486
2079 19486
17012 19486
1542 19486
9229 19486
2760 19486
18403 19486
2072 19486
2742 19486
19482 19486
1558 19486
1193 19486
1464 19486
4751 19486
7548 19486
13668 19486
3797 19486
12468 19486
2030 19486
12451 19486
1715 2034
19486 2034
8086 2034
20460 2034
557 2034
13568 2034
4881 2034
11459 2034
133 2034
216 2034
7064 2034
6876 2034
2079 2034
1464 2034
2072 2034
19947 2034
3373 2034
18403 2034
1753 2034
2760 2034
20494 2034
9261 2034
9809 2034
18636 2034
603 2034
5876 2034
21700 17694
1715 17694
505 17694
19670 17694
2318 17694
2017 17694
11182 17694
3635 17694
2468 17694
1464 17694
2618 17694
2760 17694
8086 17694
2079 17694
9261 17694
6735 17694
3876 17694
11698 17694
3362 17694
19947 17694
16800 17694
7064 17694
1711 17694
2742 17694
18403 17694
15083 17694
2072 17694
2537 17694
15172 17694
16532 17694
21630 17694
11459 17694
19482 17694
18364 17694
12340 17694
17694 17694
3635 20460
12686 20460
1425 20460
21700 20460
1715 20460
1753 20460
2116 20460
2318 20460
557 20460
2034 20460
13366 20460
2760 20460
18593 20460
20727 20460
11140 20460
12038 20460
18403 20460
8595 20460
4881 20460
8086 20460
6735 20460
19486 20460
2095 20460
2023 20460
1234 20460
133 20460
21301 20460
11459 20460
1464 20460
16688 20460
6137 20460
4638 20460
1896 20460
9261 20460
6876 20460
2079 20460
19482 20460
505 20460
17012 20460
7064 20460
2742 20460
15172 20460
2072 20460
19114 20460
3373 20460
18220 20460
16532 20460
21630 20460
18364 20460
9229 20460
7797 20460
1715 16532
1234 16532
2023 16532
6876 16532
1927 16532
4638 16532
21828 16532
1464 16532
9261 16532
20460 16532
2079 16532
7064 16532
2072 16532
15172 16532
14369 16532
18220 16532
18403 16532
20636 9326
16186 9326
4432 9326
1174 9326
10137 9326
9326 9326
15461 9326
17209 9326
12832 9326
4376 9326
5222 9326
1726 9326
1464 9326
18027 9326
14218 9326
19674 9326
8435 9326
7352 9326
19353 9326
4131 9326
10951 9326
16350 9326
14561 9326
12783 9326
19613 9326
3630 9326
3524 9326
15253 9326
16987 9326
7577 9326
19506 9326
22111 9326
7126 9326
5299 9326
6473 9326
20246 9326
3797 9326
865 9326
4248 9326
16064 9326
2339 9326
15873 9326
17730 9326
13043 9326
2425 16322
15476 16322
5534 16322
62 16322
20636 16322
2137 16322
603 16322
9238 16322
17219 16322
14326 16322
16653 16322
7987 16322
3134 16322
20366 16322
18453 16322
19030 16322
12528 16322
12758 16322
14836 16322
7352 16322
14561 16322
9141 16322
3830 16322
9097 16322
21682 16322
20320 16322
11983 16322
9952 16322
10352 16322
12468 16322
7838 16322
19104 16322
21473 16322
1431 16322
9809 16322
2318 11459
1234 11459
1715 11459
3635 11459
13277 11459
18189 11459
18593 11459
17760 11459
2023 11459
11182 11459
11140 11459
557 11459
9261 11459
1753 11459
8086 11459
2034 11459
20727 11459
4881 11459
12038 11459
16561 11459
2742 11459
3373 11459
505 11459
1464 11459
2760 11459
18403 11459
9229 11459
16688 11459
11852 11459
7064 11459
6137 11459
20460 11459
3876 11459
19482 11459
17012 11459
19114 11459
21630 11459
2072 11459
17694 11459
1715 2532
2095 2532
12038 2532
2760 2532
133 2532
1464 2532
18593 2532
19486 2532
16532 2532
11459 2532
21010 2532
16688 2532
13568 2532
9261 2532
2742 2532
18403 2532
11852 2532
64 2532
2079 2532
7064 2532
18220 2532
20460 2532
2072 2532
8086 16800
12723 16800
1896 16800
64 16800
9229 16800
17249 16800
19482 16800
2645 16800
18403 16800
2760 16800
557 16800
1174 16800
2072 16800
11094 16800
2425 16800
22077 16800
5876 16800
21626 561
20112 561
11094 561
19714 561
61 561
21187 561
5370 561
19383 561
4749 561
7672 561
11289 561
9261 561
19527 561
16322 561
16236 561
2760 561
16002 561
3134 561
1943 561
18179 561
967 561
7531 561
8642 561
8156 561
5876 561
14110 14997
94 14997
6876 14997
20636 14997
1234 14997
13568 14997
8086 14997
3157 14997
9261 14997
19486 14997
2425 14997
1473 14997
9229 14997
20590 14997
2079 14997
20460 14997
505 14997
7064 14997
64 14997
2742 14997
2537 14997
19482 14997
2072 14997
15172 14997
4432 7352
10137 7352
10138 7352
1193 7352
15383 7352
9261 7352
12632 7352
7577 7352
16992 7352
3652 7352
9817 7352
12452 7352
1715 13366
2318 13366
2348 13366
2072 13366
2023 13366
18403 13366
12038 13366
20460 13366
8086 13366
7064 13366
1464 13366
505 13366
9261 13366
2079 13366
16688 13366
19482 13366
19114 13366
2760 13366
2742 13366
21599 13366
3373 13366
14031 13366
2023 1174
2034 1174
2072 1174
3373 1174
1365 1174
4821 1174
19482 1174
5534 1174
18403 1174
16800 1174
4881 1174
9326 1174
4661 1174
4432 1174
1174 1174
557 1174
12758 1174
19433 1174
18636 1174
3635 1174
11094 1174
61 1174
10137 1174
9809 1174
9261 1174
1726 1174
2425 1174
20293 1174
17069 1174
7672 1174
2137 1174
7577 1174
10479 1174
21206 1174
7064 1174
3797 1174
9817 1174
15959 1174
2339 1174
5307 1174
18725 1174
15383 1174
1663 1174
6137 1174
20460 8595
1645 8595
505 8595
64 8595
13568 8595
172 8595
2079 8595
557 8595
20727 8595
18364 8595
19228 8595
11266 8595
8595 8595
2760 8595
5534 8595
7064 8595
18570 8595
18221 8595
21909 8595
19244 8595
14561 8595
18930 8595
18220 8595
19482 8595
18927 8595
2742 8595
2072 8595
4821 8595
2714 8595
18403 8595
2645 8595
2425 8595
4881 6707
2072 6707
18176 6707
18403 6707
19631 6707
16532 6707
9261 6707
6137 6707
19527 6707
3373 6707
16330 6707
2760 6707
2883 6707
2742 6707
15964 6707
1464 2318
11459 2318
2072 2318
17694 2318
12686 2318
2023 2318
1715 2318
505 2318
1425 2318
1234 2318
1753 2318
2017 2318
8086 2318
10409 2318
2760 2318
20460 2318
13366 2318
7064 2318
2742 2318
19486 2318
64 2318
21733 2318
10137 2318
11094 2318
61 2318
1174 2318
2135 2318
3902 2318
1943 2318
19115 2318
7352 2318
13215 2318
4432 2318
10185 2318
12632 2318
4955 2318
12446 2318
15383 2318
17888 2318
6137 2318
47 2318
1431 2318
15798 2318
12452 2318
1448 2318
12451 2318
9261 2318
1943 754
2072 754
2645 754
18930 754
11937 754
2425 754
13653 754
21324 754
14561 754
557 754
2760 754
7582 754
4376 754
1182 754
95 754
16322 754
20636 754
13130 754
12005 754
18500 754
6092 754
21136 754
11999 754
17668 754
12293 754
21682 754
14109 754
16618 754
5415 754
18927 754
2152 754
10787 754
19104 754
4433 754
183 754
15892 754
18463 754
9809 754
19486 14358
16800 14358
2348 14358
19228 14358
2072 14358
2714 14358
15892 14358
12468 14358
14109 14358
1711 14358
2645 14358
12446 14358
11427 14358
18220 14358
15479 14358
1726 14358
865 14358
11562 14358
9261 14358
557 14358
21324 14358
9326 14358
9608 14358
11937 14358
14561 14358
9417 14358
12728 14358
11094 14358
21473 14358
3623 14358
1431 14358
12947 14358
4955 14358
7547 14358
5283 14358
1174 14358
4432 14358
61 14358
13067 14358
9809 14358
5534 14358
10069 14358
7577 14358
18077 14358
3138 14358
15383 14358
11323 14358
10657 14358
10137 14358
1959 14358
7285 14358
12407 14358
12686 12446
7064 12446
94 12446
11094 12446
5564 12446
1726 12446
95 12446
13067 12446
4376 12446
16322 12446
20401 12446
22083 12446
2425 12446
19631 12446
183 12446
2737 12446
9809 12446
19482 12446
2104 12446
272 12446
20023 12446
1715 18403
6137 18403
13277 18403
11182 18403
2023 18403
13366 18403
20460 18403
11852 18403
1645 18403
4881 18403
3157 18403
16408 18403
1896 18403
17439 18403
8086 18403
1464 18403
12723 18403
16688 18403
6735 18403
19947 18403
17012 18403
17694 18403
1542 18403
2537 18403
16532 18403
64 18403
16092 18403
11459 18403
13568 18403
10978 18403
1753 18403
18220 18403
1234 18403
21238 18403
9261 18403
6707 18403
505 18403
18689 18403
3635 18403
2072 18403
11033 18403
3373 18403
1726 18403
8595 18403
20728 18403
9384 18403
13532 18403
18930 18403
15964 18403
21956 18403
2645 18403
18364 18403
557 18403
19244 18403
4432 18403
19482 18403
1174 18403
2760 18403
2425 18403
2742 18403
11094 18403
61 18403
12947 18403
7064 18403
15755 1943
18220 1943
2645 1943
970 1943
1949 1943
2135 1943
3740 1943
10117 1943
1551 1943
5534 1943
5353 1943
5337 1943
7577 1943
1193 1943
3816 1943
1576 1943
18927 1943
9809 1943
61 11484
2742 11484
21575 11484
1464 15964
9261 15964
2034 15964
6707 15964
16330 15964
7064 15964
12191 15964
2151 15964
4821 15964
14369 15964
2742 15964
10167 15964
10348 15964
557 15964
19244 15964
2760 15964
3695 15964
13203 15964
18176 15964
13532 15964
9384 15964
18403 15964
18403 7672
12758 7672
1174 7672
21261 7672
61 7672
19160 7672
5534 21473
61 21473
1558 21473
18303 21473
10137 21473
215 21473
12692 21473
3042 21473
16322 21473
12005 21473
21599 21473
3652 21473
12686 6137
1715 6137
2318 6137
13366 6137
4881 6137
1464 6137
2285 6137
8864 6137
3157 6137
19486 6137
17012 6137
16688 6137
11459 6137
11852 6137
3373 6137
6707 6137
20460 6137
3876 6137
2034 6137
1753 6137
2760 6137
2537 6137
505 6137
557 6137
18403 6137
7064 6137
6876 6137
9261 6137
21201 6137
2072 6137
64 6137
2742 6137
21700 6137
9706 6137
6137 6137
16882 6137
1182 6137
7352 6137
2766 6137
5861 6137
11460 6137
15383 6137
2030 6137
1542 11266
16445 11266
19482 11266
64 11266
9261 11266
1753 11266
17563 11266
2348 11266
328 11266
8595 11266
21909 11266
2072 11266
505 11266
2425 11266
15892 11266
2256 11266
1715 1464
9229 1464
10409 1464
18189 1464
2760 1464
20636 1464
12038 1464
17012 1464
7064 1464
4881 1464
1645 1464
1234 1464
19486 1464
2072 1464
11459 1464
2079 1464
3373 1464
18403 1464
2742 1464
505 1464
20460 1464
17694 1464
16688 1464
4638 1464
18364 1464
9261 1464
64 1464
21630 1464
16653 1464
1182 1464
11427 1464
62 1464
8945 1464
133 1464
19050 1464
5861 1464
1943 1464
17613 1464
3830 1464
14050 1464
14753 1464
12293 1464
10742 1464
13568 1464
7694 1464
10352 1464
12446 1464
2152 1464
11725 1464
13670 1464
10126 1464
9622 1464
19104 1464
10349 1464
9809 1464
13043 1464
12452 1464
2494 1464
13936 2537
2079 2537
18364 2537
11033 2537
8086 2537
6137 2537
17012 2537
17694 2537
2072 2537
18403 2537
19114 2537
21630 2537
3373 2537
7064 2537
2742 2537
1715 19631
2023 19631
94 19631
4881 19631
1234 19631
18403 19631
5876 19631
6707 19631
19482 19631
1943 19631
2079 19631
2072 19631
2742 19631
12948 19631
944 19631
12446 19631
19714 19631
2132 19631
1558 19631
13591 19631
2494 19631
9261 19631
1182 19631
21302 19631
8757 19631
9494 19631
18725 19631
2381 2137
3373 2137
9809 2137
62 2137
8435 2137
11268 2137
12005 2137
19613 2137
18179 2137
10185 2137
8298 2137
21206 2137
1174 2137
4955 2137
1473 2137
6886 2137
4661 2137
18463 2137
7123 2137
15755 506
4376 506
17183 506
11427 506
62 506
3457 506
9238 506
7548 506
18179 506
16146 506
9198 506
9072 506
8544 506
17730 506
2737 506
9809 506
1464 20636
1425 20636
1715 20636
19482 20636
8086 20636
94 20636
2742 20636
14561 20636
7064 20636
16800 20636
2760 20636
2348 20636
9261 20636
1234 20636
3373 20636
13568 20636
2072 20636
6876 20636
4596 20636
19486 20636
9326 20636
12496 20636
3157 20636
4751 20636
4376 20636
506 20636
16322 20636
62 20636
11590 20636
3457 20636
386 20636
4752 20636
9346 20636
3788 20636
8724 20636
1830 20636
19613 20636
967 20636
13401 20636
16987 20636
21682 20636
7577 20636
7126 20636
21403 20636
3797 20636
865 20636
15560 20636
3723 20636
14543 20636
17730 20636
1182 20636
1715 4881
2017 4881
20460 4881
11459 4881
8086 4881
18403 4881
16408 4881
7064 4881
133 4881
2742 4881
6707 4881
3635 4881
3373 4881
14109 4881
18176 4881
20737 4881
13532 4881
19244 4881
9384 4881
1174 4881
20293 4881
11094 4881
15461 1576
15383 1576
14523 1576
12692 1576
9261 1576
7352 1576
9699 1576
1943 1576
14111 1576
3652 1576
9952 1576
2339 1576
6306 1576
5530 1576
9809 1576
11484 1576
22077 1576
20814 1576
3588 1576
1715 2023
13277 2023
9261 2023
10409 2023
7064 2023
18403 2023
3373 2023
12723 2023
18220 2023
2742 2023
18797 2023
4779 17183
506 17183
3457 17183
19185 17183
9238 17183
16002 17183
1747 17183
4752 17183
3816 17183
3652 17183
13043 17183
17012 1234
15479 1234
1715 1234
2318 1234
20727 1234
19482 1234
20636 1234
12038 1234
3373 1234
20460 1234
1645 1234
9261 1234
16688 1234
21301 1234
11033 1234
20771 1234
8086 1234
7064 1234
18403 1234
2645 1234
14981 1234
11094 1234
1726 1234
12947 1234
2742 1234
13067 1234
117 1234
10842 1234
1943 1234
18674 1234
4432 1726
9384 1726
18403 1726
2645 1726
15479 1726
21909 1726
17050 1726
11562 1726
2523 1726
11094 1726
1174 1726
10137 1726
21473 1726
17253 1726
12446 1726
12947 1726
1182 1726
9706 1726
9809 1726
5534 1726
10660 1726
11427 1726
16322 1726
9326 1726
2137 1726
603 1726
20511 1726
10441 1726
21575 1726
1036 1726
3989 1726
2509 1726
2034 1726
6092 1726
3830 1726
12259 1726
17743 1726
20565 1726
12293 1726
3623 1726
16987 1726
21682 1726
7577 1726
7126 1726
11983 1726
12468 1726
9608 1726
2339 1726
15892 1726
18463 1726
1431 1726
2072 1178
2391 1178
1195 1178
115 1178
5534 1178
1737 1178
16059 1178
21993 1178
12947 1178
7281 1178
20814 1178
1185 1178
5824 1178
6820 1178
7624 1178
18220 2391
7064 2391
505 2391
14369 2391
2742 2391
19974 2391
14981 2391
22083 2391
16469 2391
5513 2391
2339 2391
2645 2819
7064 2819
18725 2819
9229 4661
19482 4661
8086 4661
19947 4661
6137 4661
18403 4661
1174 4661
2135 4661
4432 4661
20494 4661
1558 4661
20765 4661
10135 4661
12366 4661
17091 4661
12211 13568
94 13568
1645 13568
1927 13568
18593 13568
8086 13568
2079 13568
9261 13568
19486 13568
16688 13568
19482 13568
505 13568
8595 13568
64 13568
18403 13568
2072 13568
16800 13568
2742 13568
5534 13568
61 13568
11094 13568
12452 13568
16837 13568
16322 13568
1464 13568
1711 13568
1452 13568
20366 13568
10441 13568
7624 13568
1036 13568
12006 13568
19243 13568
3962 13568
12783 13568
20590 13568
12293 13568
21682 13568
7577 13568
7126 13568
2425 13568
865 13568
18927 13568
10352 13568
1219 13568
2339 13568
50 13568
9641 13568
2737 13568
10117 13568
16561 2132
2618 2132
2072 2132
21700 2132
11094 2132
19631 2132
2135 2132
35 2132
13215 2132
12452 2132
16203 2132
9192 2132
13067 12290
1949 12290
2760 12290
14523 12290
2742 12290
18593 11033
9261 11033
2537 11033
2760 11033
7064 11033
1234 11033
18364 11033
18403 11033
19482 11033
2742 11033
2072 11033
970 11033
3989 11033
17253 11033
2425 11033
61 11033
12290 11033
21302 11033
2072 4432
3373 4432
9229 4432
3754 4432
2766 4432
15083 4432
2348 4432
17249 4432
2645 4432
17050 4432
18403 4432
1174 4432
11094 4432
10137 4432
14561 4432
5683 4432
3623 4432
2425 4432
7352 4432
15383 4432
9261 4432
8724 4432
5534 4432
8507 4432
6137 3373
2023 3373
21956 3373
18220 3373
21828 3373
16561 3373
1234 3373
18328 3373
2760 3373
1464 3373
8086 3373
20460 3373
2537 3373
505 3373
7064 3373
2742 3373
18403 3373
13366 3373
322 3373
61 3373
20293 3373
2135 3373
15798 3373
713 4638
20460 4638
9261 4638
17837 4638
15083 4638
2391 4638
2079 4638
2072 4638
505 4638
18364 4638
21683 4638
19482 4638
12191 4638
3373 4638
21733 4638
19244 4638
1464 4638
9238 4638
5634 4638
20366 4638
22124 4638
18160 4638
7642 4638
2023 2364
19482 19114
2072 19114
5534 19114
18220 19114
17563 19114
14561 19114
2645 19114
9229 10070
11852 10070
3876 10070
2618 10070
18403 10070
19486 10070
14561 10070
1542 10070
2760 10070
6137 10070
14369 10070
9261 10070
19433 11365
8405 11365
18725 11365
506 11365
3457 11365
603 11365
1747 11365
391 11365
21575 11365
9629 11365
9141 11365
2132 11365
2348 1542
1711 1542
3876 1542
19486 1542
2742 1542
18403 1542
557 1542
19482 1542
9261 1542
2760 1542
2072 1542
17249 1542
19228 1542
15083 1542
2766 1542
2645 1542
5534 1542
9608 1542
14561 1542
7064 1542
4376 1542
9809 1542
20636 1542
2137 1542
10441 1542
4752 1542
14836 1542
12259 1542
13929 1542
16987 1542
12823 1542
7577 1542
19506 1542
7694 1542
17795 1542
18077 1542
2425 1542
12034 1542
21993 1542
3797 1542
12468 1542
17730 1542
20727 1542
1896 814
1365 814
4376 814
12005 814
50 814
1234 16561
3373 16561
11459 16561
9261 16561
328 16561
4638 16561
6687 603
10367 603
14328 603
9805 603
5222 603
1464 603
18027 603
4752 603
17613 603
14836 603
6591 603
21425 603
18179 603
3524 603
16304 603
10185 603
8744 603
12632 603
11482 603
18160 603
13845 603
8298 603
21993 603
3797 603
865 603
3652 603
12468 603
1219 603
949 603
13451 603
10787 603
2339 603
5904 603
9559 603
4981 603
15873 603
2480 603
8544 603
16059 603
1431 603
14195 603
12452 603
21302 603
19228 2714
2425 2714
1645 16688
3708 16688
2714 16688
6735 16688
1464 16688
21630 16688
9261 16688
18593 16688
13936 16688
944 16688
2079 16688
1234 16688
16532 16688
15083 16688
2618 16688
17694 16688
1711 16688
7064 16688
2072 16688
6044 16688
18403 16688
2978 16688
20460 16688
11459 16688
505 16688
11852 16688
8086 16688
2742 16688
603 16688
8884 16688
12366 16688
3524 16688
14050 16688
12632 16688
7126 16688
5018 16688
3652 16688
9703 16688
10787 16688
18463 16688
7577 1431
6886 1431
2135 1431
17888 1431
47 1431
12093 1431
17372 1431
9809 1431
11484 1431
2341 1431
21302 1431
7057 16881
8156 16881
1715 1753
9842 1753
20460 1753
2318 1753
6876 1753
11459 1753
3876 1753
7064 1753
2742 1753
11140 1753
18593 1753
2079 1753
1464 1753
2425 1753
11852 1753
8086 1753
2760 1753
17012 1753
6137 1753
3373 1753
21700 1753
2072 1753
9261 1753
505 1753
18403 1753
2034 1753
12947 19483
12407 19483
12290 19483
9952 19483
4432 19483
16322 19483
603 19483
4752 19483
8435 19483
12366 19483
21682 19483
12468 19483
12446 19483
18463 19483
6465 19483
1182 19483
2318 18593
6137 18593
11459 18593
20460 18593
11140 18593
1927 18593
2095 18593
2742 18593
9261 18593
9229 18593
1753 18593
944 18593
2072 18593
7064 18593
13568 18593
13936 18593
16688 18593
11033 18593
8086 18593
10660 18593
4376 18593
11590 18593
4751 18593
12005 18593
3308 18593
7064 2017
18220 2017
11094 2017
5807 2017
1558 2017
2645 9608
21324 9608
12623 9608
11094 9608
2425 9608
603 9608
18453 9608
17795 9608
9809 9608
557 21733
4638 21733
9261 21733
18930 21733
2645 21733
18220 21733
2628 21733
61 21733
2425 21733
2023 854
16532 854
557 854
6137 854
4284 854
2072 854
3754 854
4638 854
115 854
14045 854
5283 854
21998 854
15108 854
4751 854
12921 854
10468 854
18179 854
11983 854
13751 854
21261 1452
3524 1452
13568 1452
12632 1452
12067 1452
3797 1452
18927 1452
5370 1452
4629 1452
9817 1452
11323 1452
10348 1452
17730 1452
2072 9384
1726 9384
15964 9384
12191 9384
18403 9384
13532 9384
18930 9384
4881 9384
20152 9384
1737 9384
19244 9384
13995 9384
8174 9384
10193 9384
11094 9384
2760 9384
9706 9384
2135 9384
61 9384
17253 9384
15798 9384
18725 9384
19115 9384
18176 9384
20636 9384
5861 9384
10216 9384
21473 9384
20494 9384
12452 9384
854 4751
3313 4751
4399 4751
3308 4751
18487 4751
183 4751
2072 1425
12686 1425
1715 1425
20460 1425
7064 1425
19486 1425
1645 1425
1464 1425
2135 17050
61 17050
4955 17050
557 17050
12947 17050
8405 17050
7064 9706
1615 9706
6137 9706
21201 9706
14369 9706
322 9706
1737 9706
4376 9706
2030 9706
11094 9706
18725 9706
61 9706
6876 9706
17253 9706
9384 9706
15798 9706
9261 9706
7547 9706
18792 9706
2742 9706
11460 9706
19362 9706
10135 9706
1949 9706
5824 9706
19879 9706
1726 9706
16322 9706
9494 9706
2760 9706
2425 18927
1452 18927
1943 18927
12468 18927
9817 18927
18725 18927
16964 18927
20814 18927
3754 18176
9261 18176
19244 18176
6707 18176
19228 18176
16330 18176
505 18176
8864 18176
2072 18176
13366 18176
2883 18176
20189 18176
21909 18176
12468 18176
13532 18176
13995 18176
15964 18176
7966 18176
6876 18176
61 18176
4881 18176
4291 18176
20737 18176
20152 18176
17253 18176
18176 18176
15476 18176
9384 18176
16059 18176
2737 18176
18220 21599
13366 21599
6293 21599
3588 21599
19974 62
4376 62
17183 62
506 62
13675 62
16322 62
5222 62
1464 62
2137 62
603 62
3457 62
1452 62
18027 62
9150 62
5169 62
9238 62
3874 62
3874 62
2569 62
16860 62
14331 62
16653 62
12955 62
8508 62
17140 62
17140 62
9199 62
5634 62
1747 62
2832 62
3134 62
6699 62
19050 62
12254 62
20366 62
4196 62
12388 62
10071 62
14348 62
9699 62
8884 62
12758 62
1943 62
18121 62
8054 62
12366 62
4742 62
12005 62
9385 62
9566 62
16350 62
2034 62
20401 62
9141 62
5850 62
20590 62
12259 62
12170 62
967 62
3524 62
16304 62
11999 62
10185 62
12293 62
13401 62
7720 62
13568 62
18112 62
21682 62
14111 62
8347 62
13845 62
7126 62
7694 62
2425 62
2400 62
98 62
19556 62
11983 62
5025 62
5415 62
3652 62
9952 62
16110 62
3019 62
949 62
2152 62
7838 62
16064 62
10787 62
4284 62
2339 62
8544 62
9809 62
2652 62
2162 8513
1715 21301
13277 21301
2023 21301
21301 21301
94 21301
1927 21301
3876 21301
17012 21301
2742 21301
133 21301
20460 21301
8086 21301
1896 21301
9261 21301
2079 21301
2537 21301
19486 21301
1234 21301
9706 11503
10660 11503
17183 11503
10135 11503
4751 11503
19030 11503
21575 11503
8884 11503
12005 11503
17129 11503
15483 11503
18179 11503
10271 11503
16565 11503
21682 11503
7642 11503
20674 11503
14239 11503
21056 11503
1888 11503
11911 11503
16882 11503
5535 11503
9579 11503
4399 11503
183 11503
22077 11503
1715 2116
20460 2116
2072 2116
21828 2116
3373 2116
1464 2116
7064 2116
19482 2116
2742 2116
61 2116
2318 1715
11140 1715
1234 1715
18403 1715
20460 1715
2034 1715
3635 1715
505 1715
20636 1715
19486 1715
19670 1715
19482 1715
2072 1715
10409 1715
2023 1715
2742 1715
8086 1715
7064 1715
14241 1715
2116 21828
2760 21828
3373 21828
16532 21828
9261 21828
2742 21828
4557 13630
20636 2348
8086 2348
2742 2348
18220 2348
1264 2389
11266 2389
19482 2389
505 2389
19228 2389
7064 2389
9261 2389
2742 2389
18403 2389
2760 2389
2425 2389
15892 2389
3509 2389
4433 2389
17164 3630
13591 3630
5222 3630
603 3630
19674 3630
1943 3630
12366 3630
16350 3630
12293 3630
7126 3630
5018 3630
10479 3630
3652 3630
2339 3630
1431 3630
11655 3630
1715 16330
133 16330
9261 16330
1464 16330
20152 16330
6876 16330
1896 16330
2760 16330
2883 16330
6707 16330
18176 16330
15964 16330
1185 10660
11562 10660
21324 10660
21682 10660
10660 10660
12947 10660
17091 10660
14523 10660
4376 10660
9805 10660
1726 10660
10135 10660
11503 10660
18027 10660
15452 10660
133 10660
13130 10660
18453 10660
5861 10660
5428 10660
18179 10660
20461 10660
10352 10660
18593 10660
5432 10660
9559 10660
10349 10660
11157 10660
5283 19527
17253 19527
1558 19527
61 19527
5219 9371
6306 9371
11427 9371
603 9371
3373 9371
15478 9371
5861 9371
19030 9371
8435 9371
14836 9371
19486 9371
4497 9371
949 9371
17730 9371
16964 9371
9809 9371
1182 9371
3373 21956
9706 21956
17361 21956
21700 21956
18852 21956
12876 21956
14369 21956
20293 21956
18176 21956
18930 21956
4821 21956
2628 21956
18220 21956
13152 21956
20152 21956
14595 21956
5876 21956
18176 19228
505 19228
2072 19228
15892 19228
2425 19228
2714 19228
11459 2618
2030 2618
8239 2618
7064 2618
16688 2618
11852 2618
8086 2618
3876 2618
13936 2618
1715 20727
11852 20727
505 20727
2760 20727
20460 20727
2095 20727
1234 20727
7064 20727
8595 20727
2072 20727
4432 20727
9498 20727
2425 20727
1943 5337
12632 5337
7577 5337
1193 5337
15383 5337
18463 5337
12452 5337
20814 5337
12451 5337
19486 3876
2095 3876
1753 3876
12038 3876
21301 3876
6137 3876
505 3876
1464 3876
2425 3876
16688 3876
6735 3876
1542 3876
17012 3876
7064 3876
2618 3876
11459 3876
9238 12371
7548 12371
8884 12371
17613 12371
7352 12371
3652 12371
2832 898
11094 21261
21683 21261
9805 1921
1747 1921
11482 1921
98 1921
16688 3299
2023 1896
133 1896
6876 1896
19486 1896
944 1896
2079 1896
1464 1896
13839 1896
7064 1896
18403 1896
1195 1896
8086 1896
6735 1896
17012 1896
2072 1896
21630 1896
3373 1896
1542 1896
19482 1896
18220 1896
20460 1896
9261 1896
2742 1896
19243 15707
5564 18725
2819 18725
9751 18725
18485 18725
2084 18725
3524 18725
17668 18725
5505 18725
1193 18725
18927 18725
19631 18725
18463 18725
16059 18725
2737 18725
9809 18725
19971 18725
6933 18725
1846 18725
7285 18725
5408 18725
8208 18725
1943 9809
12366 9809
1576 9809
2339 9809
18725 9809
18463 9809
13043 9809
14369 1195
18220 1195
61 1195
4779 17851
18054 17851
21995 17851
8544 17851
9809 17851
2023 18697
814 6130
21599 6130
12067 6130
1029 6130
21261 4623
5813 13936
1645 13936
2742 13936
16408 13936
7064 13936
19486 13936
2537 13936
16688 13936
18593 13936
2079 13936
8086 13936
2618 13936
19185 10185
11069 10185
14740 10185
16987 10185
16789 10185
18077 10185
2400 10185
3797 10185
10126 10185
4548 10185
9198 10185
10495 10185
854 15111
14326 7285
18725 7285
13067 7285
16322 13401
11590 13401
6728 13401
12783 13401
11555 13401
10185 13401
16987 13401
13568 13401
21682 13401
10688 1036
11084 1036
18179 1036
2250 4742
4875 4742
18725 19971
5838 19185
1551 19185
3874 19185
16653 19185
1760 19185
2229 19185
20366 19185
19030 19185
1943 19185
18121 19185
10314 19185
10185 19185
1431 19185
1943 5353
12450 5353
2737 14990
9238 16002
17835 16002
20907 16002
8435 16002
18179 16002
5793 16002
12692 842
13344 13344
2645 10216
8544 10216
19534 9494
12947 9494
8405 9494
61 9494
3373 9494
22045 9494
9498 9494
1182 9494
19631 9494
18636 11590
8884 11590
1723 11590
4376 11590
6268 11590
18027 11590
2723 11590
17209 11590
5353 11590
4219 11590
8724 11590
5253 11590
3830 11590
10185 11590
12293 11590
21682 11590
5299 11590
11983 11590
4955 11590
12468 11590
2813 11590
16882 11590
1510 11590
18487 11590
18463 11590
9809 11590
19017 186
7692 7725
20794 7837
9809 7837
13203 11094
2742 11094
12452 11094
11643 11094
12947 11094
61 11094
9706 10135
7672 10135
117 10135
19879 10135
754 10135
10660 10135
4376 10135
62 10135
11503 10135
13130 10135
4131 10135
10479 10135
11873 10135
50 10135
17091 10135
5534 17091
18879 17091
10135 17091
14523 17091
17253 17091
14981 17091
18725 17091
4661 17091
11094 20511
20721 20511
15892 20511
16322 20511
62 20511
14310 20511
1711 20511
1747 20511
17188 20511
4752 20511
7548 20511
1036 20511
4131 20511
9346 20511
12783 20511
16987 20511
7126 20511
2425 20511
3797 20511
1431 20511
9706 4376
3373 4376
2135 4376
11588 4376
14111 4376
2760 4376
3635 4376
20996 4376
15476 4376
10660 4376
506 4376
62 4376
10135 4376
11590 4376
1747 4376
3134 4376
4752 4376
4534 4376
8884 4376
8435 4376
17051 4376
14836 4376
18500 4376
10242 4376
14561 4376
5824 4376
11482 4376
3816 4376
4955 4376
12446 4376
16064 4376
10557 4376
1723 4376
7112 4376
18033 16064
17613 16064
4742 16064
8298 16064
3652 16064
7007 16064
949 16064
5535 16064
22077 16064
2494 16064
1234 117
18220 117
18879 117
15755 117
13215 117
11590 117
9238 117
7548 117
12632 117
2425 117
5432 117
3723 117
2034 11937
6876 11937
9261 11937
9706 11937
2760 11937
2425 11937
1645 133
4881 133
20460 133
505 133
7064 133
2742 133
16330 133
21301 133
8086 133
6876 133
1896 133
2034 133
10660 133
1036 133
19568 133
7126 133
16992 133
9979 133
3816 133
1943 8724
967 8724
11590 8724
2137 8724
603 8724
1452 8724
19674 8724
4752 8724
8435 8724
18121 8724
12005 8724
21553 8724
4131 8724
9346 8724
16350 8724
19613 8724
12293 8724
13401 8724
15253 8724
16987 8724
21682 8724
6877 8724
21403 8724
3797 8724
865 8724
12468 8724
9809 8724
1182 8724
12407 8724
2883 13532
3373 13532
13995 13532
15964 13532
18176 13532
14369 13532
9384 13532
4881 13532
18403 13532
20460 21700
7064 21700
2742 21700
19947 21700
6137 21700
21956 21700
1425 17012
1715 17012
1927 17012
4881 17012
21301 17012
9261 17012
1464 17012
19486 17012
1234 17012
6137 17012
1711 17012
3876 17012
505 17012
1896 17012
11852 17012
2760 17012
1753 17012
557 17012
2072 17012
18403 17012
19482 17012
2079 17012
11459 17012
9229 17012
7064 17012
2537 17012
2742 17012
20460 17012
16322 7987
16236 7987
603 7987
7073 7987
16318 7987
9238 7987
16653 7987
20366 7987
14836 7987
12366 7987
8298 7987
2152 7987
1473 9192
2339 9192
13046 20814
3663 20814
18725 20814
15383 20814
13067 20814
9809 20814
18917 20814
12451 20814
2742 19534
557 19534
22045 19534
17050 19534
9494 19534
18054 19534
8171 19534
15083 8512
19482 8512
2072 8512
2348 8512
18403 8512
8773 8512
2425 8512
14523 5824
1182 5824
1943 5824
19362 5824
7900 5824
9809 5824
2137 7925
7064 7390
9261 20152
16330 20152
12191 20152
21956 20152
13995 20152
18176 20152
1558 20152
11852 2030
9261 2030
2618 2030
7064 2030
21201 2030
9706 2030
11094 2030
17253 2030
2030 2030
15755 2030
5861 2030
19486 2030
7577 2030
11460 2030
16882 2030
18725 2030
17489 2030
6137 2030
8284 2030
18220 2523
21683 2523
12912 2523
19244 2523
61 2523
3138 2523
11094 2523
842 2523
8405 2523
557 2523
9809 2523
7352 2523
10185 2523
9173 2523
2978 2523
16992 2523
19350 2523
15383 2523
19304 2523
1448 2523
12451 2523
19244 460
3138 12947
4955 12947
61 12947
17050 12947
2737 12947
8208 12947
12646 1700
20401 1700
2400 1700
7443 1700
15699 1700
1448 1700
12451 1700
11289 14523
12290 14523
5683 13067
17069 13067
61 13067
8405 13067
12290 13067
20814 13067
4645 13067
3373 13067
10117 13067
12446 13067
12451 13067
5505 13067
15476 13067
17666 13067
12452 13067
7285 13067
12947 13067
9261 8507
2079 8507
4955 8507
4432 8507
18403 10231
2760 10231
505 10231
1558 8298
17183 8298
603 8298
7519 8298
15483 8298
22083 8298
10352 8298
949 8298
7838 8298
50 8298
4751 949
18179 949
22083 949
8298 949
6837 949
11911 949
506 9385
8435 9385
4219 9385
10185 9385
13058 9385
21700 8864
8086 8864
20986 19362
12290 19362
1943 19362
5824 19362
1711 9229
18593 9229
2079 9229
9261 9229
944 9229
11459 9229
2742 9229
17012 9229
505 9229
2072 9229
15083 9229
7064 9229
1927 9229
20460 9229
18220 9229
19482 9229
9608 8255
61 8255
1193 8255
12451 8255
18403 15786
603 20596
18077 20596
11094 4955
12947 4955
2312 4955
10441 4955
6133 4955
567 4955
7352 1193
1943 1193
3742 1193
1448 1193
12876 12876
19185 12876
5861 12876
8298 12876
13532 15389
20293 15389
14981 15389
15560 15389
183 15389
11655 15389
9261 15389
754 13653
557 13653
2425 13653
18500 13653
1949 13653
8394 9944
2425 9944
183 9944
17253 18841
1182 18841
1452 18841
16653 18841
15478 18841
6852 18841
8884 18841
12366 18841
2706 18841
2034 18841
18154 18841
14753 18841
7577 18841
21476 18841
16146 18841
18028 18841
21206 18841
3652 18841
3019 18841
11907 18841
8932 18841
17489 18841
186 18841
9809 18841
12452 18841
7285 18841
1195 14369
16532 14369
557 14369
2391 14369
7064 14369
18364 14369
15964 14369
7258 14369
21956 14369
13532 14369
9706 14369
19244 19714
4623 19714
12106 19714
18725 19714
2072 21909
2425 21909
10137 21909
1615 1473
2137 1473
14981 1473
10185 1473
10126 1473
3373 12422
21683 12422
1182 12422
12451 12422
2742 3157
20636 3157
18403 3157
7064 3157
8086 3157
19482 3157
2072 3157
7582 215
19386 215
8405 215
62 2339
2742 2339
5534 2339
14981 2339
3630 2339
569 2339
9192 2339
15383 2339
1431 2339
9809 2339
21302 2339
1715 1927
2742 1927
17012 1927
557 1927
18403 1927
18593 1927
2095 1927
2760 1927
21301 1927
505 1927
1234 1927
9229 1927
2135 1927
14640 1927
10137 1927
1145 1927
9261 1927
19386 1927
15383 1927
2489 1927
17253 1927
14978 1927
5534 1927
14981 1927
7548 1927
7352 1927
12366 1927
14740 1927
3524 1927
13568 1927
3742 1927
12632 1927
7577 1927
7694 1927
5018 1927
10479 1927
18927 1927
3652 1927
9817 1927
2339 1927
4661 1927
1663 1927
18487 1927
14543 1927
21573 1927
4507 1927
10557 1927
10495 1927
20692 1927
9601 1927
17730 1927
9944 1927
10724 1927
16964 1927
7209 1927
1431 1927
10117 1927
5876 1927
12452 1927
14988 1927
272 1927
12407 1927
10185 9198
17489 9198
9229 172
1174 172
4376 172
62 172
603 172
386 172
21511 172
10441 172
21575 172
7548 172
8435 172
12366 172
9346 172
16208 172
3962 172
3630 172
3524 172
16304 172
12293 172
13568 172
12632 172
21682 172
7577 172
7126 172
4955 172
3652 172
970 172
5087 172
6306 172
12452 172
2425 10367
2494 8757
1943 970
9817 970
6465 970
17871 2104
8757 2104
12446 2104
12452 2104
15886 2104
18725 16059
3373 9902
15172 693
4751 183
14981 183
12446 183
3299 183
10216 183
13067 4645
19482 322
1264 322
3373 322
3138 322
2742 2737
17668 2737
22083 2737
14990 2737
12947 2737
1264 4934
2742 50
17613 50
5824 50
15380 50
19212 50
20565 1379
21581 1379
18481 2813
18364 328
2079 328
2072 328
16561 328
505 328
2737 1659
11482 22083
8298 22083
12446 22083
15953 22083
6133 22083
2737 22083
13043 22083
21683 3830
5534 3830
4779 3830
11590 3830
16896 3830
20366 3830
10441 3830
14836 3830
3989 3830
19613 3830
17202 3830
6092 3830
12170 3830
4935 3830
17743 3830
16304 3830
11999 3830
13929 3830
21682 3830
6877 3830
5025 3830
10530 3830
9952 3830
11873 3830
12366 765
3373 169
21553 4548
10185 4548
18077 4548
18028 4548
15383 4548
12290 9952
3019 9952
21733 2628
21956 2628
16236 12645
14310 1888
17613 1888
5337 1888
9579 1888
603 14109
2339 14109
12452 14109
1182 14109
11094 2480
61 2480
20401 1510
11094 1949
9710 1949
12290 1949
1943 1949
1182 1949
7064 2095
20460 2095
18593 2095
505 2095
1645 2095
4596 2095
2339 4161
21261 1182
1949 1182
9494 1182
1846 1182
1452 7972
9371 10842
9805 10842
4751 10842
17730 10842
7837 20794
17164 17835
13215 17888
5222 17888
14981 17888
5337 17888
14050 17888
15383 17888
18463 17888
12451 17888
18725 2609
2135 3934
1730 3934
12468 3934
10782 3934
20193 3934
603 7692
18179 7692
1136 7692
18160 7692
11983 7692
7725 7692
12366 4896
1943 18744
15892 15811
13653 15811
1558 15811
18725 15811
21630 9767
18220 15476
13067 15476
17332 15476
2742 15476
5859 15476
19115 15476
15383 15476
61 15476
21078 15476
19365 15476
16739 15476
18725 15476
7577 10242
4248 10242
11323 10242
6886 5793
14523 11289
20021 1200
7064 7378
61 1737
12632 14050
18609 14050
15540 14050
16618 14050
19350 14050
3019 19807
1576 14111
11590 6268
9238 6268
12528 6268
4772 4053
15476 21078
2737 21078
17013 3953
9238 3953
3874 3953
1198 3953
21425 3953
14136 3953
9739 2940
18453 16110
10441 16110
9346 16110
2072 966
22077 966
6306 966
2737 966
18725 16462
16653 9150
1747 9150
18618 9150
10441 9150
4752 9150
8435 9150
11069 9150
20590 9150
21136 9150
12293 9150
8744 9150
22124 9150
12473 9150
17322 9150
20390 9150
11094 8174
3373 1663
21599 1663
2339 1663
13130 20461
19482 15250
2742 15250
12366 15250
9003 18027
12366 18027
21505 18027
8878 18027
9809 18027
18725 18485
19386 7281
14050 11316
949 11316
9965 11316
2494 11316
4752 11983
1943 11983
3019 11983
7838 11983
8295 12678
3652 14315
814 14310
13130 14310
5353 14310
1036 14310
9346 14310
12783 14310
16304 14310
14050 14310
7577 14310
1138 14310
12468 14310
2339 14310
1615 19030
11094 19030
9261 19030
6144 19030
16322 19030
11503 19030
603 19030
19185 19030
4751 19030
5861 19030
14981 19030
18179 19030
8298 19030
10352 19030
12468 19030
50 19030
15476 13046
19386 13046
20814 13046
17050 17795
3797 17795
6137 16882
11590 16882
6268 16882
5861 16882
2030 16882
16236 17140
11503 12005
814 12005
1338 12005
16653 12005
9699 12005
20590 12005
15899 12005
10660 18487
4751 18487
9809 18487
1551 16318
9494 9498
9434 14562
2228 14562
2742 13591
19631 13591
7642 20865
16452 20865
4557 21211
842 12692
18303 12692
12723 10193
61 10193
9384 10193
4968 12193
2645 7057
16881 7057
18220 7057
2425 7057
16322 14326
17219 14326
7285 14326
4751 3308
4661 20765
20550 20550
18725 9739
12452 47
20814 47
19185 5838
11588 5838
17730 5838
1431 5838
16532 18797
8156 10659
20089 20089
18179 789
2742 2051
11852 2051
8086 2051
22083 15953
19631 15953
6306 15953
7123 15953
11094 12106
20293 12418
1558 19383
2162 16329
9706 16329
62 16329
21553 16329
12783 16329
14099 16329
2645 20721
19433 20721
18725 20721
1182 20721
17434 20721
7519 20721
8298 20721
5408 20721
4131 16119
1452 16345
21349 16345
4399 16345
11094 4291
2537 18364
9261 18364
8086 18364
2742 18364
20460 18364
1153 18364
2072 18364
19482 18364
10978 18364
18403 18364
2079 18364
14369 18364
7064 18364
18220 18364
2742 14370
2079 14370
11427 15478
16801 15478
2339 15478
21956 14595
14595 14595
11094 14595
1558 14595
1943 10657
7577 10657
11323 10657
12005 17129
18179 17129
9809 17129
11911 4433
2034 4433
754 4433
5534 9889
19185 1551
16318 1551
1943 1551
10314 1551
2706 1551
18179 1551
3509 1551
7182 1551
9192 17212
21261 21683
18364 17770
3373 17770
18403 17770
22083 6133
1431 6133
865 1846
18725 1846
15534 1846
1182 1846
2645 7723
3708 10409
1234 10409
1715 10409
12038 10409
2079 10409
15477 10409
7064 10409
2023 10409
11482 19477
19879 13215
3524 13215
10185 13215
12293 13215
12632 13215
18077 13215
18028 13215
20596 13215
15383 13215
9809 16987
62 16987
19050 16987
10441 16987
8435 16987
12366 16987
3989 16987
9346 16987
12170 16987
2730 16987
3524 16987
11999 16987
10185 16987
13568 16987
21682 16987
1454 16987
18160 16987
5299 16987
20279 16987
5018 16987
17658 16987
5025 16987
3797 16987
16031 16987
5793 16987
2339 16987
2312 3797
19353 3797
3788 3797
12783 3797
10185 3797
12293 3797
12632 3797
21682 3797
1138 3797
6877 3797
16618 3797
10352 3797
10126 3797
4751 3313
8877 3313
3373 7577
19243 7577
14310 7577
5353 7577
14981 7577
1036 7577
1943 7577
7352 7577
12366 7577
5337 7577
3524 7577
12293 7577
13568 7577
3742 7577
12632 7577
16992 7577
5018 7577
4955 7577
2135 7577
9689 7577
10657 7577
1431 7577
10117 7577
12452 7577
1715 11852
2030 11852
505 11852
18403 11852
1464 11852
18593 11852
6137 11852
16688 11852
11459 11852
7064 11852
2618 11852
2072 11852
11140 11852
2051 11852
17012 11852
9261 11852
15838 11414
1452 11414
1036 11414
2706 11414
20590 11414
10185 11414
4764 11414
12632 11414
1454 11414
18077 11414
8442 11414
2400 11414
10126 11414
2339 11414
18487 11414
9664 19610
11094 2135
17050 2135
557 2135
35 2135
1558 2135
17196 2135
61 2135
3373 2135
3934 2135
12452 2135
17372 2135
1943 2135
7577 2135
2425 2135
1431 2135
11094 17253
2341 17253
2742 17253
15798 17253
1558 17253
61 17253
6728 18121
603 865
18453 865
13568 865
3797 865
16031 865
9817 865
4507 865
6306 865
9809 865
1846 865
15886 865
4752 21553
16329 21553
12293 12468
13401 12468
3797 12468
18927 12468
3019 12468
12451 12468
5222 3509
1551 3509
1452 3509
13367 3509
17188 3509
8435 3509
1036 3509
12366 3509
9346 3509
2509 3509
3962 3509
5253 3509
12170 3509
967 3509
10185 3509
12293 3509
15253 3509
3742 3509
19506 3509
18077 3509
16992 3509
16618 3509
21403 3509
13058 3509
19264 3509
3797 3509
3652 3509
13477 3509
1219 3509
15899 3509
11873 3509
5370 3509
14758 3509
5432 3509
19879 3509
9817 3509
8206 3509
18033 3509
13742 3509
6075 3509
21573 3509
4507 3509
6306 3509
10495 3509
9353 3509
7209 3509
9809 3509
18051 3509
10117 3509
12452 3509
20814 3509
4559 3509
1182 3509
18917 3509
15476 15383
7352 15383
2742 15383
5337 15383
22083 15383
3652 15383
4548 15383
2339 15383
17888 15383
6306 15383
7123 15383
12452 15383
1448 15383
603 3524
1452 3524
19050 3524
21278 3524
6523 3524
4914 3524
12293 3524
16987 3524
9396 3524
7577 3524
5025 3524
3652 3524
16031 3524
10787 3524
18725 3524
18463 3524
18120 3524
22077 13058
6306 13058
13591 13058
2400 13058
2645 6793
20814 18917
2742 21575
17051 21575
12005 21575
3989 21575
19486 21575
21682 21575
8727 21575
3797 21575
5535 21575
11484 21575
8724 967
3797 967
9817 967
12451 967
2425 14758
2706 18028
10069 18028
10185 18028
21682 18028
13845 18028
18077 18028
4955 18028
4548 18028
15383 18028
6137 18028
12451 18028
12692 10138
9261 10138
7352 10138
4943 10138
2792 10138
10185 10138
11069 11654
14740 11654
22124 11654
6877 11654
970 9817
16322 9817
1452 9817
17188 9817
12366 9817
967 9817
12632 9817
18927 9817
17489 9817
18463 9817
21573 9817
1431 9817
19843 6075
3874 19613
8435 19613
18121 19613
12783 19613
6092 19613
21278 19613
12259 19613
9097 19613
12702 19613
11999 19613
10185 19613
3797 19613
1715 20728
7064 20728
1464 20728
21700 20728
10978 20728
2742 20728
16688 20728
18403 20728
15699 7007
7015 7007
18403 7007
13532 7007
15476 7007
13653 7007
20814 7007
215 7007
13130 7007
17434 7007
9699 7007
21492 7007
14735 7007
7064 1558
18403 1558
11094 1558
21473 1558
2017 1558
2760 1558
20293 1558
2135 1558
61 1558
15754 1558
2742 1558
17253 1558
4376 9281
1747 9281
3134 9281
2339 9281
8184 9281
9809 9281
1174 4821
21956 4821
7064 21201
6735 21201
8086 21201
7797 21201
2030 21201
10978 21201
6137 21201
9706 21201
12452 14981
9809 14981
19030 14981
15389 14981
2391 14981
12632 14981
7577 14981
11460 14981
2339 14981
183 14981
1431 14981
17091 14981
18403 18636
11094 18636
2135 18636
20293 18636
11588 18636
22077 18636
14460 18636
17730 18636
13043 18636
1558 7610
19534 1145
10137 1145
12723 20293
9261 20293
3373 20293
18403 20293
19244 20293
5041 20293
18636 20293
11094 20293
1174 20293
18725 20293
1558 20293
9238 16023
3874 16023
16002 16023
18179 16023
18636 11460
14981 11460
6137 11460
3373 1723
4376 1723
2339 1723
15383 1723
9809 1723
20460 6735
1896 6735
8239 6735
1464 6735
16688 6735
7064 6735
9261 6735
21201 6735
15964 6735
3876 6735
2079 6735
18403 6735
20152 6735
2813 18481
18403 21238
11503 21056
3797 21056
12468 21056
15899 21056
21716 21056
20794 21056
4978 17069
20728 17069
1431 6886
61 13471
2023 5876
19121 5876
169 5876
17361 5876
15964 5876
21956 5876
8642 5876
20152 5876
12418 5876
20293 5876
5838 5876
2742 5876
5876 17361
16329 18656
13203 5861
20152 5861
10660 5861
9371 5861
1464 5861
18618 5861
17434 5861
19030 5861
3989 5861
3652 5861
18326 5861
9622 5861
16882 5861
9384 5861
15380 5861
2030 5861
6137 5861
7123 5861
1431 5861
5876 21295
12723 19244
9384 19244
5534 19244
5859 19244
61 19244
10775 19244
7692 18179
1747 18179
12181 18179
3339 18179
21425 18179
11145 18179
9809 18179
1174 10479
3630 10479
1138 10479
2339 10479
12452 10479
12451 10479
4751 4399
12366 4399
8298 4399
3308 4399
8405 20241
14331 20241
18927 16964
2339 16964
11023 16964
20187 17196
2135 17196
2742 17196
50 17196
2737 17196
1431 17196
13995 2883
18176 2883
17361 19121
18033 1338
9559 1338
5277 7966
21599 6293
603 6293
4093 6293
15964 3695
115 18852
18176 18852
21956 13152
18176 16840
322 1264
1264 1264
4934 1264
14640 12707
1338 8010
12366 15959
19651 15959
12632 15959
10688 15959
18786 15959
2425 20986
2742 20986
1943 20986
3313 8877
6886 8877
19674 12293
12678 12293
2706 12293
12783 12293
18179 12293
3524 12293
13568 12293
7577 12293
2425 12293
16992 12293
3797 12293
12468 12293
17183 3457
506 3457
603 3457
5353 3457
20590 3457
9610 3457
3019 3457
9809 3457
9817 17489
9198 17489
8435 7624
13568 7624
16002 10468
14050 16618
1182 19651
9396 19651
2135 17372
1431 17372
9809 17372
10022 17372
11094 4219
12678 4219
17093 19350
12366 19350
2706 19350
14050 19350
10185 19350
9173 19350
18160 19350
15774 19350
3652 19350
3019 19350
18453 13872
12783 13872
6092 13872
12259 13872
4935 13872
17743 13872
20565 13872
11999 13872
9809 13872
8435 21403
18179 15936
12632 1767
10787 1767
8435 20494
3989 20494
14050 20494
18487 20494
19482 1517
4596 1517
2072 1517
1542 1517
2618 1517
15316 21993
117 12758
1036 12758
12005 12758
3788 12758
10271 12758
7126 12758
16064 12758
12783 7548
14543 7548
14740 6826
3524 6826
9396 6826
5025 6826
13477 6826
7064 5032
12407 5032
18122 8435
16002 8435
7624 8435
19353 8435
2509 8435
7126 8435
5018 8435
3019 8435
15383 8435
20388 4764
18179 21425
16979 16896
20366 16896
9393 16896
4751 10778
3652 10778
4752 17081
3829 3829
8757 2494
20814 2494
5283 2494
10352 2494
5353 17434
18179 17434
14050 17434
7126 17434
7642 17434
4497 17434
20721 17434
6876 12038
7064 12038
13366 12038
9261 12038
11140 12038
14561 12038
19482 12038
2742 12038
3876 12038
20727 12038
19486 12038
20460 12038
11459 12038
1234 12038
9809 10592
12632 9346
18077 9346
3797 9346
21302 16054
17188 3962
17253 2341
1431 2341
865 4507
2339 4507
2742 1153
2079 1153
18364 1153
2072 1153
505 1153
1927 944
2072 944
3373 944
1645 944
20636 944
2742 944
18593 944
1896 944
7064 944
9261 944
2079 944
15083 944
1234 944
16688 944
19482 944
9229 944
18725 12843
1338 12843
5534 12191
4596 1645
1425 1645
18403 1645
13936 1645
1234 1645
2742 1645
471 1645
1473 1615
2425 1615
2645 1615
19482 1615
19030 1615
14981 8884
19104 8884
21033 19843
16186 19843
3509 14640
9952 18366
19482 12783
8877 12783
7548 12783
19613 12783
12293 12783
21682 12783
9238 4779
12783 4779
14605 4779
8744 4779
14861 4779
5793 4779
9809 4779
1949 9710
2339 14978
9809 14978
19350 8945
9494 22045
18725 22045
10137 11005
2742 11427
19244 11427
17183 11427
1830 11427
16987 11427
11983 11427
3652 11427
10352 11427
2152 11427
8544 11427
13043 11427
4779 14861
4779 5366
1760 5366
1747 5366
8744 5366
16739 19365
5841 19365
10352 18618
5353 12450
19534 18054
9809 18054
12446 5564
18725 5564
3138 5564
1700 20401
2400 20401
10069 5253
21206 5253
10968 17249
2742 17249
2072 17249
19482 17249
9229 17249
2425 17249
15083 17249
7064 17249
20636 15083
2072 15083
19482 15083
9229 15083
9261 15083
17694 15083
17249 15083
7064 15083
2425 15083
16002 16121
9072 16121
3313 15847
2116 7797
15083 7797
3373 7797
18403 7797
9229 7797
2760 7797
505 7797
2742 7797
20460 7797
2079 7797
6707 7797
2072 7797
18364 7797
20574 7797
19482 7797
17835 7797
9346 18077
10185 18077
4548 18077
4752 10441
15512 10441
13568 10441
6877 10441
3019 10441
4914 9396
3524 9396
5025 9396
16681 5683
61 5683
15080 5683
22111 5683
2400 5683
18927 5683
1921 16236
7837 16236
16860 16236
17140 16236
3901 16236
1747 16236
10071 16236
11268 16236
20590 16236
15755 16236
7353 16236
16629 16236
13451 16236
2525 16236
9809 16236
18403 16092
7582 11562
2425 11562
3623 11562
19114 17563
2095 4596
1645 4596
12290 14328
1182 14328
13067 12452
12451 12452
16724 2211
2645 1448
1193 1448
18725 1448
15383 1448
12451 1448
6379 10069
3483 10069
3723 10069
9353 10069
8680 10069
9809 5222
9238 3874
14836 5169
9979 3705
3134 12254
11983 8416
1700 12646
16023 386
9238 386
11855 386
13753 21990
2084 8857
18844 8857
1747 13675
7073 17013
5724 17013
1747 17013
12181 17013
4742 17013
8972 17013
9238 3134
12254 3134
18453 3134
20590 3134
13043 3134
16002 20907
16322 17219
9238 17219
14326 17219
9238 10943
20401 4685
12783 4685
18179 4685
22077 4685
18179 12181
9238 3095
16236 3901
2137 3901
11268 3901
22111 5173
21511 16183
1747 15908
9238 10709
16896 16979
16002 18451
16322 2345
16002 4196
5169 14836
6877 14836
17454 7839
22111 7839
18725 14435
17454 14348
8957 14348
16304 4662
4981 15452
17253 15452
10660 15452
4376 15452
8945 15452
4685 15452
15944 8436
17183 1747
9238 1747
20366 1747
5850 1747
18179 1747
20366 10253
14836 10253
5850 10253
754 18500
4376 18500
16322 18500
11590 18500
14310 18500
2723 18500
17188 18500
10441 18500
3962 18500
10185 18500
13568 18500
21682 18500
7577 18500
7126 18500
11983 18500
14543 18500
20818 18500
14326 4752
20366 4752
10441 4752
14836 4752
11069 4752
21553 4752
16350 4752
17454 4752
2730 4752
17081 4752
4764 4752
13902 4752
787 4752
5255 4752
16322 16653
14326 16653
10441 16653
8435 16653
14818 16653
16653 11084
8435 11084
1036 11084
3788 11084
9610 11084
9622 11084
17658 17188
9817 17188
18179 3339
11654 11069
19050 11069
4752 11069
10185 11069
16789 11069
18045 19050
11069 19050
10807 19050
3524 12382
6877 12382
19050 18045
2228 19099
1029 5128
6877 13130
20461 13130
4497 13130
6133 13130
16964 13130
16789 3050
2152 3050
18004 8516
9809 8516
4752 9699
12181 9699
16724 9699
2072 13237
2742 13237
1715 13237
13557 13237
9809 13237
18179 7376
1747 20366
10253 20366
5850 20366
20021 20366
1431 20366
1747 9238
3134 9238
5353 9238
2084 18844
8857 18844
17326 16553
5535 16553
8435 18122
16896 9393
18179 3486
5724 5255
12632 5370
1747 5850
20366 5850
10253 5850
15707 5850
9809 13043
7720 2229
4570 11793
5370 11793
17578 11793
3042 11793
2072 94
7064 94
13568 94
10688 5535
16553 5535
16064 5535
12646 7126
133 7126
8435 7126
10352 7126
2211 16724
11983 11911
949 11911
5793 11911
8038 3006
2400 3006
1551 2706
9385 2706
9396 2706
12473 2706
11482 2706
3019 2706
1700 2400
10185 2400
16789 2400
13058 2400
10126 2400
18725 13703
2737 13703
3830 16304
20388 5087
9809 13451
3050 16789
10185 16789
20340 16789
13845 16789
2400 16789
4752 1138
3989 1138
14050 1138
10479 1138
1182 11655
16059 11655
20590 13569
13215 19879
13902 643
2137 2381
7692 1136
14348 1136
1452 10348
12632 7971
10185 14740
16789 14740
9318 14740
3856 14740
5018 14740
8435 2509
18121 2509
12366 2509
10951 2509
16350 2509
6591 2509
10069 3723
19674 14434
11069 14434
2509 14434
6728 14434
10185 14434
16789 14434
20340 14434
8298 14434
2400 14434
4472 4628
2737 15837
13557 272
10069 1454
9097 657
16976 657
12366 3355
7838 609
13067 12451
7123 12451
12452 12451
1448 12451
15707 19243
6092 6523
12259 6523
4914 6523
4935 6523
20565 6523
11999 6523
5025 6523
11930 22124
14050 22124
19149 22124
20546 2312
10126 2312
7720 2730
18160 2730
15316 2730
4742 2250
12366 5400
15774 5400
10230 5400
3158 4776
17835 17871
4751 15864
8884 19104
12632 19104
16562 2195
12407 11452
2339 9672
16050 16415
13568 9641
3652 9641
15478 10271
18463 12529
20056 16469
133 12187
4752 11930
14740 11930
14981 12632
21033 12632
3652 12632
3162 12632
5370 12632
9817 12632
2339 12632
1767 12632
17489 12632
14109 2526
1379 20565
6092 20565
21278 20565
4935 20565
2425 20565
6092 3177
21136 3177
12259 3177
4935 3177
20565 3177
6092 21278
21136 21278
12259 21278
4935 21278
17743 21278
20565 21278
8337 21278
8435 10071
4752 17454
11930 17740
14740 17740
12473 17740
17658 17740
5253 21206
1186 10262
12193 4968
11907 6295
11983 7838
3652 7838
11725 7838
1558 20590
3457 20590
3134 20590
13569 20590
17454 20590
13568 20590
8298 20590
8878 20590
4764 6820
4053 16452
3308 9342
11590 2723
2137 2723
9809 2723
9817 21573
18725 21573
16322 10787
1767 10787
9559 10787
2742 7182
7064 21630
11275 21630
21033 21630
7838 11725
13686 20246
3788 20246
12783 20246
14753 20246
12293 20246
16618 20246
14050 18609
6092 12345
12259 12345
4914 12345
17743 12345
20565 12345
9396 12345
5025 12345
6473 12345
9809 12345
6092 11999
3830 11999
21136 11999
21278 11999
6523 11999
16724 11999
7694 11999
8435 14557
12366 14557
9396 14557
18453 6092
21136 6092
12259 6092
4935 6092
20565 6092
14434 19674
10951 19674
8002 19674
12293 19674
20246 19674
3797 19674
19843 21033
12366 21033
11275 21033
12632 21033
10565 21033
13058 6306
3524 3652
15253 3652
12632 3652
14293 3652
7838 3652
2339 3652
9641 3652
6728 11555
5353 14543
7548 14543
13568 14543
7577 14543
5018 14543
2135 14543
10117 14543
5861 3989
21575 3989
10479 3989
643 13902
8435 5018
14740 5018
7577 5018
3019 5018
14543 5018
11094 3138
12947 3138
10364 3138
15512 3138
2137 7123
15383 7123
12451 7123
15886 14735
12366 8878
18725 8878
10559 8878
17434 4497
3373 8156
14523 8156
21078 8156
50 8156
10659 8156
6306 8156
16059 8156
2737 8156
9809 8156
12452 8156
5861 18326
5861 15380
17196 15380
1454 9219
2730 8674
11983 8674
11256 9141
14740 3856
10135 4131
2137 4131
11069 4131
14434 4131
14050 4131
6877 4131
21864 4131
18725 21087
22083 11482
16146 11482
3019 11482
16964 11023
19606 8002
1452 11323
10657 11323
14978 11323
1431 11323
2730 18160
19350 18160
12452 18160
12366 19768
15478 9705
18725 5505
13067 5505
2742 20021
20366 20021
9610 3784
2737 21441
18160 6473
18618 10352
13568 10352
2494 10352
14060 21745
19304 21745
8544 21745
19041 3816
16146 3816
10951 3788
15253 8206
8435 3019
11482 3019
8298 3019
11983 3019
2742 17730
19674 12366
11233 12366
18121 12366
11069 12366
2509 12366
10951 12366
6728 12366
14740 12366
7315 12366
21033 12366
7577 12366
14557 12366
15250 12366
10530 12366
9817 12366
13511 12366
4896 12366
9809 12366
19768 12366
10022 12366
21599 14744
3019 6591
14740 19149
22124 19149
12473 19149
9610 19149
10185 4875
2645 14811
8878 10559
6092 4935
21136 4935
20565 4935
11999 4935
13929 4935
7838 19684
2023 2354
1558 15754
13471 15754
2730 14753
11094 11643
7582 19386
19244 12728
2017 12728
61 12728
1558 12728
9494 8405
18725 1266
10137 569
2494 5283
1431 12093
18725 10190
13067 10117
1943 10117
7577 10117
3663 10117
9494 3740
22111 3740
9494 21938
1338 18788
18636 11588
7610 11588
4376 11588
20401 11588
19244 5859
12366 3742
22045 15699
11094 7582
2742 7582
12692 18303
14060 19304
14562 9434
16536 2935
1182 4102
2737 4102
9608 19013
19244 10775
14031 14031
7720 15316
21993 15316
18725 13002
18725 9751
18725 20096
17694 12340
7315 7694
6877 7694
6783 7694
9503 19238
10069 5676
2132 7290
14369 7258
16002 6852
19244 19117
2195 16562
16565 16562
7531 16562
18403 19947
18403 13295
13532 13995
13532 20534
11094 13203
3373 18328
1949 1258
10262 1186
15083 20800
11482 19556
3028 11892
19843 16186
13936 5813
2742 5813
12093 18463
5337 18463
9817 18463
18725 18463
12529 18463
9809 18463
7064 2493
21700 2493
19482 11407
3708 11407
2072 11407
9229 11407
3373 8239
9261 8239
2618 8239
14003 14003
5494 9707
2023 12723
18403 12723
12723 12723
4881 16408
18403 16408
13936 16408
14811 19901
15512 11018
16408 2468
17694 2468
216 17824
17824 216
9707 5494
15774 10230
18403 11182
12723 17760
3373 10978
7797 10978
2742 10978
18364 10978
18403 10978
17069 10978
10660 10978
2339 10978
4628 10978
10137 10978
1715 19670
7064 19670
8086 13277
2023 13277
2072 2106
12366 10022
17372 10022
13686 10022
3784 9610
8435 19353
7694 6877
11275 10565
21033 10565
8857 2084
4752 16350
2509 16350
21033 16350
6877 16350
10441 15512
12366 15512
11018 15512
12366 12170
21136 12170
12259 12170
11999 12170
16562 16565
12366 13929
4935 13929
22111 15090
2730 7720
15316 7720
9610 9979
4914 5025
9396 5025
18725 7745
5337 13658
19050 10807
11482 16146
3816 16146
1452 19264
19350 17093
2425 3663
10117 3663
16789 13845
18028 13845
10185 13367
2312 20340
2706 20340
10185 20340
10742 20340
22124 20340
16789 20340
17658 20340
8757 5541
865 12215
2312 10126
10185 10126
10742 10126
3797 10126
12366 7374
1431 7374
865 16031
5534 15253
3652 15253
8206 15253
18725 17668
2737 17668
8435 19506
9415 19506
6092 12259
21136 12259
6523 12259
1747 10951
19674 10951
18121 10951
3788 10951
7315 10951
16618 10951
11555 6728
18757 15873
19304 14060
16653 14818
9396 4914
5025 4914
21833 13668
19613 9097
16976 9097
19506 9415
12452 12832
12366 13511
5400 15774
10230 15774
6130 12067
12366 5354
9346 5354
16553 17322
4752 20516
6092 21136
12259 21136
4935 21136
11999 21136
6877 21581
11555 10742
20340 10742
10126 10742
17795 12702
18453 17743
21278 17743
4914 17743
8337 17743
5025 17743
10069 8680
9097 17397
16789 17397
2312 2792
15253 2792
20340 2792
2400 2792
3373 16455
19606 12034
2737 14195
949 14239
14050 15540
18725 8208
18725 6933
18725 5408
9809 10243
16002 14439
18028 17072
14740 9318
22124 9318
12473 9318
2400 9318
14523 2228
6293 4093
8298 16865
11293 20585
3006 9147
4764 20388
9610 20388
5087 20388
14421 4155
2400 8442
19365 16739
21095 20056
16469 20056
22111 7038
6877 12098
4155 14421
12006 6723
16469 21095
20056 21095
12034 19606
10069 18373
15027 10615
14195 9998
21278 8337
17743 8337
18967 8337
18179 11145
12382 1358
12034 1358
16002 18781
10069 3208
18160 13634
21278 18967
8337 18967
14348 8957
19050 5267
21033 11275
10565 11275
2312 20546
11892 3028
21383 21383
