64 18220
5627 18220
18364 18220
505 18220
15573 18220
19482 18220
5399 18220
115 18220
4820 18220
17999 18220
3439 18220
7455 18220
9583 18220
2645 18220
3169 18220
20036 18220
12253 18220
6452 18220
11094 18220
12038 5399
13102 5399
608 5399
4820 5399
12186 5399
64 5399
693 5399
505 5399
5627 5399
1542 5399
115 5399
18220 5399
19482 5399
2645 5399
12038 752
944 752
12186 752
64 752
5627 752
18364 752
6537 752
2645 752
1542 752
19482 752
18220 752
12500 2645
1615 2645
5849 2645
115 2645
4820 2645
19482 2645
18220 2645
830 2645
7136 5627
14415 5627
1542 5627
20743 5627
64 5627
505 5627
17837 5627
115 5627
5399 5627
18220 5627
18364 5627
19482 5627
15451 5627
10159 5627
17677 5627
12253 5627
16059 5627
1615 43
18676 43
5627 43
18364 43
5399 43
6537 43
4820 43
2645 43
1542 43
18220 43
11094 43
4608 43
19482 43
9583 43
12038 19482
734 19482
944 19482
608 19482
5627 19482
18364 19482
5399 19482
17090 19482
18220 19482
6196 19482
2645 19482
1542 19482
4432 19482
9583 19482
11094 19482
4608 19482
3379 19482
5849 19482
64 19482
17128 505
5627 505
21700 505
19482 505
64 505
4820 505
18220 505
944 64
505 64
1542 64
5627 64
18220 64
19482 64
5849 64
8808 64
3019 64
12468 64
17159 115
5627 115
854 115
20743 115
7455 115
18220 115
2645 115
12038 2532
5849 2532
64 2532
18220 2532
12186 2532
20281 4820
12723 4820
5399 4820
18364 4820
2645 4820
19482 4820
18220 4820
17159 4820
6196 4820
15393 4820
3169 4820
15393 17159
505 17159
12186 17159
18852 17159
2645 17159
6196 17159
115 17159
4820 17159
11094 17159
2645 12253
18220 12253
6452 12253
5627 12253
64 17090
505 17090
19482 17090
3379 17090
4376 17090
13001 17090
5849 17090
18364 5849
944 5849
64 5849
2645 5849
19482 5849
17866 5849
4432 5849
17090 5849
5063 8808
11094 8808
17866 8808
10842 8808
14487 8808
17195 8808
15199 8808
4432 8808
18636 8808
13001 8808
7455 8808
10159 8808
17188 8808
19623 8808
15483 8808
16987 8808
11368 8808
3019 8808
5849 8808
20604 8808
7802 8808
18076 8808
9198 8808
6847 8808
3379 8808
16059 8808
19482 8808
17159 15393
5627 15393
4820 15393
20152 15393
3169 15393
11094 15393
10096 13001
17090 13001
18076 13001
2645 4432
11094 4432
4608 4432
5849 4432
7933 20743
5627 20743
17159 20743
2628 20743
9583 20743
854 20743
115 20743
4820 20743
5627 1542
19482 1542
5399 1542
2645 1542
4376 1542
17128 1542
16987 1542
12468 1542
3379 1542
13898 19483
12253 19483
15199 19483
5849 19483
4432 19483
12468 19483
17159 854
115 854
20743 854
5627 7455
19482 7455
115 7455
2645 7455
18220 7455
9583 7455
13007 7455
13001 18076
12468 18076
4376 18385
12373 18385
17159 6196
15716 6196
3169 6196
4376 6196
4608 6196
734 9583
608 9583
18220 9583
20743 9583
19482 9583
7455 9583
11094 9583
4608 9583
19623 21645
13898 13936
18676 13936
854 15111
16987 13401
21641 13401
1542 3128
17128 4742
17045 17045
1542 4555
6452 17128
10159 17128
4742 17128
15716 4376
830 4376
6196 4376
17128 4376
5382 4376
12373 4376
3816 4376
17090 4376
3379 4376
21700 1884
19482 1884
4555 21700
4608 4608
13046 4608
17128 20152
4820 20152
15393 20152
19482 608
9583 608
5849 17866
20036 14894
10159 10842
11094 15451
2645 12500
9699 12500
11094 6452
2645 10853
3019 5382
3379 5382
4608 13046
2645 830
4376 830
10159 830
830 10159
11094 18872
6196 3169
18364 3169
18220 3169
4608 3169
15451 3169
3169 3169
5382 3169
3379 3169
646 18364
19482 18364
18220 18364
13936 13898
5849 13898
17090 13898
13001 13898
18076 13898
10215 16987
8808 16987
13401 12468
3019 12468
5400 17677
5382 19613
11534 19613
21278 19613
10215 19613
11094 18636
18344 18636
18636 11460
18220 3439
10853 17196
18344 17196
5849 18852
115 18852
17159 18852
3439 18852
5627 7136
19613 11534
3816 11534
15719 11534
3019 11534
21367 21577
17188 8996
19482 12038
11094 15716
12253 15716
19482 944
2645 1615
19482 1615
9583 734
13753 13007
18786 6339
17677 5400
10256 3379
9062 11473
3816 4518
12609 21278
17743 21278
3379 10256
11833 13462
14359 15946
3792 4802
21367 18061
18876 14605
19041 3816
12473 19149
9610 19149
15946 14359
11094 15199
16207 16207
12723 12723
19482 18676
13936 18676
15719 9610
9610 15719
3379 15719
14605 18876
21577 21367
12473 11072
3379 11329
21278 12609
21278 17743
11072 12473
11344 14099
10256 5367
