14526 2760
20530 2760
3133 2760
19049 2760
814 2760
21133 2760
172 2760
2760 2760
18927 2760
3213 2760
4320 2760
16152 2760
7846 2760
16169 2760
15129 2760
21310 2760
12407 2760
11017 2760
64 2760
3906 2760
561 2760
17822 2760
12132 2760
21388 2760
9496 2760
9304 3906
64 3906
17835 3906
4320 3906
20314 3906
2760 3906
4241 3906
2760 14526
3133 14526
64 14526
14526 64
3906 64
2760 64
2137 64
5615 64
1682 64
53 561
2760 561
757 561
11681 561
14490 561
757 829
40 829
2760 754
19767 754
1350 754
4777 754
1682 754
2467 754
18927 754
1682 2137
971 2137
21133 4714
4913 969
257 969
886 969
18462 969
14490 969
9496 969
854 53
815 53
561 53
7860 814
13215 2225
18462 2225
40 40
829 40
12481 40
257 40
2225 40
18462 40
5677 40
14490 40
11590 21554
16152 21554
20334 21554
10951 21554
314 21554
6076 21554
12221 21554
886 21554
3906 4320
19937 11017
1350 11590
757 11590
2467 11590
4714 21133
7351 257
172 1463
829 1463
4913 1463
314 1463
2467 1463
754 19767
18927 19767
16110 19767
5677 19767
18462 15455
757 2554
6179 1922
12407 21310
9304 172
4913 172
5615 172
1682 172
12021 172
7351 172
5838 6374
18462 11944
53 16110
21554 16110
886 16110
286 1244
13215 971
2137 971
11681 3509
905 3509
11882 3509
12802 3509
5677 3509
7351 3509
12165 3509
4913 905
757 905
2225 905
4913 12021
18462 2467
3669 3669
18493 18493
4913 314
1682 5677
22111 1350
2554 757
814 7860
20334 16152
16152 20334
1682 4913
12021 4913
18462 1765
757 886
16110 886
11882 10537
4913 1682
18462 18249
12021 12481
9700 4858
10173 10173
6691 6691
21554 10951
6076 10951
6076 3314
