1853 6876
2023 6876
11938 6876
2033 6876
2034 6876
349 6876
1753 6876
14980 6876
5309 6876
15698 6876
4233 6876
11045 6876
1943 6876
18220 6876
18866 6876
2760 6876
8468 6876
7941 6876
17253 6876
245 6876
2129 6876
12290 6876
16059 6876
21754 6876
13475 6876
12597 6876
3339 6876
12021 6876
14406 6876
13508 2760
1927 2760
349 2760
15418 2760
2034 2760
11485 2760
1753 2760
19313 2760
21370 2760
2023 2760
6876 2760
1853 2760
15698 2760
21133 2760
2033 2760
12406 2760
2883 2760
19228 2760
11642 2760
4233 2760
2760 2760
18866 2760
13475 2760
9497 2760
2780 2760
10886 2760
7759 2760
11045 2760
20643 2760
1943 2760
8468 2760
14417 2760
2557 2760
18220 2760
5683 2760
4623 2760
18725 2760
13451 2760
10774 2760
14381 2760
21937 2760
15868 2760
19160 2760
3634 2760
15834 2760
6144 2760
17197 2760
12290 2760
250 2760
64 2760
21754 2760
2104 2760
17253 2760
10551 2760
11261 2760
12905 2760
19364 2760
2023 18220
64 18220
4233 18220
1853 18220
21955 18220
1943 18220
11045 18220
8468 18220
8305 18220
13415 18220
9497 18220
21067 18220
2760 18220
13508 13475
2023 13475
18797 13475
2033 13475
20189 13475
4233 13475
8468 13475
19313 13475
21761 13475
21754 13475
2760 13475
21067 13475
5628 13475
1943 13475
7577 13475
21666 13475
5421 13475
6876 13475
14406 13475
7759 13475
20318 13475
15698 16372
15479 16372
2034 16372
21937 16372
13415 16372
6488 16372
2760 16372
2557 16372
250 16372
7759 16372
8468 16372
17253 16372
1853 9497
6604 9497
8468 9497
2780 9497
2760 9497
18220 9497
13415 9497
2023 1853
13508 1853
1692 1853
2760 1853
12038 1853
1927 1853
2023 21067
18220 21067
8449 21067
2760 21067
1692 21067
13508 18866
2034 18866
3402 18866
6876 18866
2760 18866
8468 18866
20643 18866
20743 18866
2387 18866
18866 12406
8468 12406
7759 12406
7941 12406
2760 12406
12406 12406
4623 12406
21754 12406
16886 64
18220 64
2760 64
1604 64
20242 64
10414 64
7941 64
6876 2034
19313 2034
20743 2034
1753 2034
2760 2034
2387 2034
8468 2034
16886 11045
2023 11045
21370 11045
2051 11045
6548 11045
9497 11045
6876 11045
8468 11045
18220 11045
18606 11045
16472 11045
15699 11045
10774 11045
2760 11045
1943 11045
2760 21937
19228 21937
21754 21937
21937 21937
15993 21937
12406 21937
18220 1943
7577 1943
13508 15698
2023 15698
16886 15698
12038 15698
6876 15698
8292 15698
64 15698
1753 15698
2760 15698
20643 15698
2760 11642
13475 2023
1853 2023
18220 2023
18797 2023
20743 2387
2760 2387
16593 2387
1753 2387
1527 2387
18866 2387
20643 2387
2034 2387
16886 16886
11045 16886
13508 16886
64 16886
15698 16886
12038 16886
1927 16886
5813 16886
2051 16886
6221 12290
2760 12290
17197 12290
21133 20743
7137 20743
20643 20743
18866 20743
8468 20743
7941 20743
13508 1753
6876 1753
2760 1753
15698 1753
2033 1753
2034 1753
12290 19483
11261 19483
21666 19483
20812 19483
7759 19483
18463 19483
21754 12405
19313 7759
12406 7759
10774 7759
18725 7759
19534 7759
15181 7759
2992 7759
2760 2033
20643 2033
20743 2033
21133 2033
1753 2033
7345 2033
7577 11519
21067 11519
21116 11519
1943 11519
10414 11519
12905 11519
8468 10774
16472 10774
21754 10774
7577 10774
21666 10774
11045 10774
7759 10774
15455 10774
7941 10774
2992 10774
21116 9371
1692 9371
12405 10551
19364 10551
2992 10551
1853 1692
18725 1692
5758 18725
17668 18725
18463 18725
16059 18725
6933 18725
7941 7748
6535 1036
12733 7749
21937 10886
7941 10886
20242 10886
15698 20643
10154 20643
20743 20643
1527 20643
21262 20643
19313 20643
2760 20643
8468 20643
7137 20643
20743 21133
20643 21133
21116 1594
17773 1594
7759 19534
12290 17197
16318 5749
7345 7137
20743 7137
8468 7137
20643 7137
10154 7137
18725 7137
20812 4358
7941 15455
2780 2239
1853 1927
2760 1927
16886 1927
17253 1927
2992 1927
11261 1927
7577 1927
14406 1927
15441 1927
7941 1927
4954 1927
3470 1927
15886 2104
18725 16059
7941 2992
3006 18592
4954 16096
7577 7807
19364 7807
18463 7807
3751 12036
18725 12036
18725 2609
2514 8663
18725 15811
10351 19724
8468 10154
7137 10154
10154 10154
21754 10154
10551 10154
19534 10154
7941 10154
1860 2780
10774 2780
8468 2780
7577 11261
14406 11261
6221 11261
4358 11261
19364 11261
250 11261
18725 5758
6548 5758
20242 17844
4770 17844
10414 16318
1527 4233
13508 2051
16886 2051
11045 2051
12290 7941
12192 7941
1943 7941
18463 7941
4954 7941
12021 5421
5435 21116
1036 21116
15886 250
21754 250
11261 250
9854 250
19364 250
4233 21955
8468 21955
21937 15993
1036 7577
1943 7577
12021 7577
7941 7577
20092 17253
21754 17253
3006 21666
16789 21666
8494 12021
17668 14120
21754 14120
18725 14120
8485 14120
13415 19313
20743 474
19313 474
7941 474
17253 474
8468 474
16372 474
19364 5933
10154 5933
1853 13508
7137 8468
21955 8468
10774 8468
2034 8468
20187 17196
5845 17196
18866 3402
8468 7966
7941 12192
2780 1860
15886 809
16821 1414
14416 14416
9854 1809
3390 15959
9854 15959
10551 14406
3874 6389
18725 10372
5592 19271
4954 19271
6512 8832
5476 13493
4233 1527
6876 12038
13508 12038
1853 12038
16886 12038
5675 19364
1036 6535
16789 6535
21116 15418
20076 12664
18725 6548
18725 1491
20242 3874
20242 18281
18281 20954
17000 15545
18725 21460
9854 3339
18725 5628
18281 16140
14774 11108
8494 11108
18474 15281
18592 3006
20812 8190
6535 16789
18725 7063
20242 2195
11108 14774
21859 20242
21754 20812
2514 20812
8494 20812
17253 21754
13475 20318
16059 8156
20812 20231
21116 3392
15281 18474
21754 22098
18725 7029
21754 3042
18725 9292
18725 12545
17253 20092
2883 13408
4233 7345
7137 7345
2033 7345
18725 18463
15698 8292
12021 8494
21754 13658
18725 17668
17743 4238
4238 17743
18725 6933
18725 10553
13493 5476
