4644 5369
16650 5369
8086 5369
4383 5369
2618 5369
11201 5369
12046 5369
5420 5369
12732 5369
10447 5369
10737 5369
10195 5369
21077 5369
16067 5369
19504 5369
18315 5369
2072 5369
22123 5369
19191 5369
16107 5369
19936 5369
21994 5369
2760 5369
5369 5369
6027 5369
6490 5369
15739 5369
7614 5369
12692 5369
5271 5369
20387 5369
9036 5369
1943 5369
10096 5369
2861 5369
7186 5369
12646 5369
7408 5369
2391 5369
18594 5369
2339 5369
1994 5369
4644 6876
6823 6876
6767 6876
7693 6876
19950 6876
21552 6876
13571 6876
20727 6876
133 6876
11328 6876
14098 6876
1896 6876
2034 6876
1992 6876
1711 6876
3957 6876
14526 6876
16371 6876
4383 6876
15885 6876
11201 6876
18673 6876
4071 6876
13905 6876
4454 6876
20660 6876
12393 6876
2072 6876
2236 6876
10737 6876
14311 6876
21077 6876
11061 6876
3988 6876
4555 6876
1176 6876
21700 6876
4627 6876
2391 6876
17834 6876
11266 6876
15892 6876
11561 6876
1943 6876
4320 6876
19191 6876
20289 6876
16107 6876
18220 6876
11637 6876
4820 6876
18866 6876
8993 6876
11288 6876
2760 6876
21909 6876
15591 6876
19936 6876
6603 6876
16152 6876
18528 6876
20726 6876
9187 6876
10050 6876
19386 6876
5859 6876
21994 6876
10137 6876
1182 6876
16880 6876
12918 6876
16059 6876
11751 6876
18492 6876
10681 6876
15742 6876
3295 6876
19326 6876
3339 6876
10002 6876
757 6876
8808 6876
8298 6876
655 6876
11977 6876
17174 6876
9222 6876
4283 6876
865 6876
12021 6876
16685 6876
46 6876
11804 6876
1268 6876
12520 6876
22145 6876
17091 6876
22078 6876
1715 2760
14526 2760
21552 2760
7693 2760
19950 2760
15591 2760
3957 2760
133 2760
3099 2760
12339 2760
2618 2760
15885 2760
8975 2760
2034 2760
5447 2760
10968 2760
4071 2760
3157 2760
16100 2760
8472 2760
19313 2760
1896 2760
18673 2760
4383 2760
17789 2760
9069 2760
5420 2760
1711 2760
12732 2760
10447 2760
7454 2760
12046 2760
13935 2760
19704 2760
4783 2760
951 2760
17630 2760
9211 2760
6876 2760
3913 2760
15566 2760
21077 2760
4627 2760
3988 2760
7797 2760
21700 2760
9193 2760
2391 2760
10790 2760
12406 2760
14860 2760
328 2760
14049 2760
9150 2760
11677 2760
21665 2760
11061 2760
21909 2760
11266 2760
17834 2760
14051 2760
17635 2760
11561 2760
14311 2760
10737 2760
2760 2760
18866 2760
15810 2760
22123 2760
18927 2760
20289 2760
1176 2760
20621 2760
19191 2760
16685 2760
15669 2760
3232 2760
13379 2760
21963 2760
6259 2760
4820 2760
13826 2760
9208 2760
21245 2760
1383 2760
10289 2760
11618 2760
322 2760
14973 2760
11288 2760
5369 2760
3174 2760
15554 2760
4320 2760
18603 2760
1943 2760
19504 2760
16851 2760
19936 2760
6603 2760
11610 2760
2269 2760
18220 2760
11308 2760
16152 2760
4623 2760
9222 2760
21994 2760
2072 2760
4237 2760
7846 2760
2320 2760
17701 2760
11201 2760
18725 2760
20655 2760
13451 2760
10774 2760
15002 2760
2251 2760
2494 2760
13693 2760
7281 2760
10622 2760
16880 2760
19386 2760
4999 2760
12398 2760
20141 2760
3527 2760
11529 2760
9105 2760
71 2760
15834 2760
6571 2760
15617 2760
3973 2760
8993 2760
11850 2760
6144 2760
9161 2760
1805 2760
21310 2760
9187 2760
11494 2760
12407 2760
13587 2760
16658 2760
2104 2760
7186 2760
13499 2760
20727 2760
18448 2760
2773 2760
16771 2760
3296 2760
20660 2760
18472 2760
17128 2760
12088 2760
561 2760
8155 2760
19855 2760
3802 2760
10159 2760
2679 2760
14814 2760
7368 2760
8808 2760
755 2760
3616 2760
20233 2760
10456 2760
20494 2760
17300 2760
1122 2760
22078 2760
1182 2760
21273 18220
19936 18220
1896 18220
9211 18220
16463 18220
14860 18220
7780 18220
2391 18220
9193 18220
14357 18220
17635 18220
14311 18220
13010 18220
21599 18220
11677 18220
2072 18220
11061 18220
9187 18220
19704 18220
17834 18220
20621 18220
21955 18220
1943 18220
19191 18220
16685 18220
10737 18220
1195 18220
4806 18220
4820 18220
12088 18220
8993 18220
9583 18220
7677 18220
2495 18220
11849 18220
16107 18220
19504 18220
11529 18220
951 18220
18603 18220
4237 18220
21245 18220
11288 18220
2760 18220
14526 18220
15609 18220
6603 18220
22138 18220
16851 18220
10289 18220
4644 21994
468 21994
2391 21994
2072 21994
17871 21994
19191 21994
1383 21994
8993 21994
11637 21994
16040 21994
13123 21994
16880 21994
11288 21994
5369 21994
19504 21994
6603 21994
9091 21994
9800 21994
17835 21994
11751 21994
12168 21994
4150 21994
12692 21994
10476 21994
5665 21994
7281 21994
10096 21994
9944 21994
11494 21994
6353 21994
12101 21994
16454 21994
1943 21994
16843 21994
9809 21994
3708 13727
1715 13727
6823 13727
1884 13727
2034 13727
19950 13727
13935 13727
16371 13727
9347 13727
13905 13727
11288 13727
4627 13727
8993 13727
2760 13727
16880 13727
16070 13727
4071 13727
19504 13727
10737 13727
3988 13727
3104 13727
17588 13727
14526 13727
16463 13727
14311 13727
2391 13727
14777 13727
14049 13727
13010 13727
2072 13727
20621 13727
21450 13727
15892 13727
5019 13727
11266 13727
13727 11288
18610 11288
16371 11288
12732 11288
4071 11288
8472 11288
18673 11288
754 11288
21665 11288
2391 11288
18603 11288
5019 11288
966 11288
17630 11288
7780 11288
7251 11288
10348 11288
14311 11288
11529 11288
11887 11288
21955 11288
19191 11288
20289 11288
21963 11288
19504 11288
7737 11288
9883 11288
7966 11288
19313 11288
11584 11288
1720 11288
6514 11288
8144 11288
8993 11288
4820 11288
951 11288
9411 11288
10622 11288
5887 11288
21994 11288
5710 11288
4150 11288
284 11288
15617 11288
18866 11288
18220 11288
14049 11288
21168 11288
12406 11288
10137 11288
18535 11288
13313 11288
21909 11288
13750 11288
2072 11288
10737 11288
6603 11288
19936 11288
12916 11288
4237 11288
120 11288
10774 11288
4555 11288
17701 11288
5457 11288
6259 11288
17614 11288
11829 11288
10159 11288
2839 11288
18468 11288
13858 11288
11751 11288
2760 11288
13535 11288
21731 11288
9613 11288
13521 11288
7368 11288
9187 11288
2378 11288
2861 11288
2581 11288
4285 11288
3296 11288
1182 11288
17128 11288
18492 11288
9005 11288
16880 11288
10206 11288
133 11288
4985 11288
15489 11288
9807 11288
3361 11288
8884 11288
1036 11288
1943 11288
5191 11288
11710 11288
5810 11288
3520 11288
10240 11288
15057 11288
12632 11288
9222 11288
113 11288
20462 11288
6876 11288
10029 11288
10885 11288
2654 11288
2734 11288
1079 11288
2858 11288
672 11288
2339 11288
21826 11288
10456 11288
12520 11288
10257 11288
11750 11288
13693 11288
16489 11288
10415 11288
20910 11288
5715 11288
13905 15892
11288 15892
14311 15892
3104 15892
7797 15892
16740 15892
16685 15892
4627 15892
21700 15892
13693 15892
2072 15892
9187 15892
1176 15892
13010 15892
15356 15892
1943 15892
13727 15892
11266 15892
10737 15892
2760 15892
3232 15892
5019 15892
19191 15892
1182 15892
2458 15892
2339 15892
1715 13379
3957 13379
13740 13379
12565 13379
12732 13379
17128 13379
19936 13379
4627 13379
9193 13379
4320 13379
9187 13379
16687 13379
10737 13379
2072 13379
19191 13379
3232 13379
10774 13379
2760 13379
1711 13379
21665 13379
20727 13379
16880 13379
19504 13379
11529 13379
7037 13379
6603 13379
1677 13379
4237 13379
12168 13379
7368 13379
3296 13379
1715 8993
2034 8993
6823 8993
1884 8993
14526 8993
19950 8993
1992 8993
133 8993
2072 8993
15453 8993
1711 8993
8086 8993
16658 8993
9110 8993
7797 8993
14860 8993
14049 8993
17451 8993
21700 8993
19303 8993
9187 8993
9105 8993
11061 8993
19313 8993
1176 8993
7251 8993
19191 8993
20289 8993
10774 8993
16107 8993
18220 8993
9208 8993
17919 8993
4820 8993
10289 8993
951 8993
17091 8993
3833 8993
16219 8993
16880 8993
11288 8993
12406 8993
10737 8993
6603 8993
18603 8993
4237 8993
13693 8993
13067 8993
120 8993
9613 8993
7368 8993
2760 8993
16114 8993
11529 8993
2861 8993
6259 8993
17128 8993
3957 8993
3295 8993
21716 8993
15455 8993
20726 8993
12520 8993
6809 8993
22145 8993
20494 8993
4140 8993
1896 19504
4383 19504
1711 19504
1473 19504
14311 19504
12732 19504
3362 19504
14526 19504
4627 19504
9211 19504
3988 19504
15566 19504
21077 19504
16685 19504
9193 19504
5369 19504
9187 19504
12406 19504
5019 19504
12954 19504
2072 19504
19191 19504
17044 19504
11288 19504
13826 19504
4820 19504
1077 19504
11849 19504
951 19504
18220 19504
11061 19504
6876 19504
15669 19504
4320 19504
4150 19504
13379 19504
1943 19504
10737 19504
1383 19504
3232 19504
21909 19504
21994 19504
6603 19504
2269 19504
950 19504
16851 19504
11610 19504
11308 19504
22138 19504
4623 19504
17128 19504
18528 19504
7281 19504
11529 19504
21245 19504
18792 19504
19386 19504
9208 19504
19855 19504
12692 19504
11856 19504
9036 19504
11829 19504
11700 19504
3737 19504
9613 19504
11494 19504
8745 19504
8010 19504
16472 19504
10159 19504
13858 19504
5167 19504
20973 19504
2104 19504
19797 19504
13067 19504
3523 19504
18448 19504
13693 19504
8993 19504
16880 19504
2760 19504
8155 19504
10774 19504
9222 19504
15591 19504
1576 19504
21404 19504
13327 19504
1633 19504
16880 2072
1715 2072
2034 2072
1896 2072
4820 2072
3157 2072
11561 2072
1711 2072
4383 2072
11288 2072
10737 2072
8086 2072
12046 2072
19313 2072
18673 2072
13935 2072
12732 2072
4783 2072
951 2072
3161 2072
17201 2072
4071 2072
21077 2072
14049 2072
14526 2072
3988 2072
9193 2072
4627 2072
16685 2072
17834 2072
328 2072
19504 2072
18220 2072
5369 2072
10790 2072
9583 2072
9187 2072
2760 2072
14311 2072
14860 2072
8751 2072
8993 2072
13615 2072
11266 2072
1176 2072
3232 2072
20621 2072
19191 2072
16215 2072
21700 14526
1715 14526
2760 14526
4237 14526
14098 14526
8993 14526
11639 14526
1992 14526
2034 14526
1884 14526
6876 14526
15669 14526
15885 14526
1711 14526
11561 14526
4383 14526
10737 14526
4555 14526
18673 14526
21665 14526
6469 14526
1176 14526
951 14526
19504 14526
4627 14526
13727 14526
2072 14526
9187 14526
18220 14526
17706 14526
16851 14526
3296 14526
17091 14526
1715 14311
7693 14311
13571 14311
14860 14311
13935 14311
10737 14311
19504 14311
16685 14311
18220 14311
2072 14311
2760 14311
9187 14311
18570 14311
5019 14311
11266 14311
21909 14311
11288 14311
4320 14311
2034 18866
3402 18866
6876 18866
8993 18866
14860 18866
21700 18866
10737 18866
2072 18866
15453 18866
9193 18866
6259 18866
8472 18866
18359 18866
5295 18866
11561 18866
2760 18866
1720 18866
7780 18866
3833 18866
7737 18866
19191 18866
5710 18866
4237 18866
8144 18866
12540 18866
4820 18866
11288 18866
18866 12406
2072 12406
4627 12406
2391 12406
322 12406
4820 12406
951 12406
21245 12406
10289 12406
4237 12406
11288 12406
18603 12406
8993 12406
2760 12406
3833 12406
16229 12406
12406 12406
13750 12406
1720 12406
4623 12406
14643 12406
5204 12406
7368 12406
7186 12406
14860 12046
5369 12046
2072 12046
7454 12046
4783 12046
14098 3957
6823 3957
1884 3957
1715 3957
1425 3957
12342 3957
14311 3957
13379 3957
11639 3957
15591 3957
19950 3957
4820 3957
20727 3957
19504 3957
11529 3957
7693 3957
2760 3957
1896 3957
20598 3957
2072 3957
6876 3957
11092 3957
1992 3957
8086 3957
2458 3957
14157 3957
18492 3957
9613 3957
1313 3957
3504 3957
14432 3957
17128 3957
791 3957
21286 3957
8993 3957
506 3957
4334 3957
19650 3957
16880 3957
259 3957
9734 3957
10206 3957
648 3957
1816 3957
19499 3957
8053 3957
14368 3957
19855 3957
19292 3957
143 3957
16653 3957
8508 3957
1869 3957
10692 3957
12569 3957
8602 3957
12954 3957
20817 3957
17061 3957
2223 3957
1695 3957
2142 3957
6178 3957
3361 3957
18806 3957
3295 3957
12026 3957
869 3957
125 3957
1036 3957
11710 3957
18448 3957
11494 3957
757 3957
942 3957
21715 3957
21469 3957
19566 3957
10240 3957
6579 3957
755 3957
5454 3957
14367 3957
16146 3957
6123 3957
98 3957
8475 3957
2063 3957
3527 3957
2535 3957
11366 3957
15971 3957
8968 3957
20462 3957
10029 3957
3652 3957
8975 3957
20275 3957
16843 3957
4806 3957
16099 3957
2858 3957
2449 3957
2339 3957
7502 3957
22057 3957
11829 3957
18463 3957
22145 3957
9809 3957
2494 3957
11792 3957
1715 8086
2034 8086
18610 8086
19950 8086
5369 8086
133 8086
14098 8086
17201 8086
14860 8086
1992 8086
3099 8086
16880 8086
3957 8086
1711 8086
8975 8086
9211 8086
2618 8086
3157 8086
1896 8086
1176 8086
12732 8086
10737 8086
2072 8086
18673 8086
8993 8086
8086 8975
2034 8975
19313 8975
12507 8975
1992 8975
14659 8975
9613 8975
15803 8975
13535 8975
3042 8975
7186 8975
5932 8975
829 8975
18492 8975
9005 8975
506 8975
4334 8975
5838 8975
11503 8975
13534 8975
10206 8975
13911 8975
10971 8975
2535 8975
20462 8975
10885 8975
9105 8975
15457 8975
19242 8975
12520 8975
15453 8975
22145 8975
6259 8975
1425 15669
19950 15669
14526 15669
10737 15669
4627 15669
4320 15669
11266 15669
2760 15669
6259 15669
2072 15669
14369 15669
19382 15669
8993 15669
19191 15669
21245 15669
16880 15669
17728 15669
16114 15669
754 15669
756 15669
603 15669
648 15669
17926 15669
2458 15669
8809 15669
19175 15669
3652 15669
18927 15669
8975 15669
1383 15669
11528 15669
11677 15669
3387 15669
11829 15669
2791 15669
2072 10137
2760 10137
19191 10137
8993 10137
18606 10137
20655 10137
11288 10137
21909 10137
15609 10137
20203 10137
11529 10137
3296 10137
18603 10137
4237 10137
9208 10137
7325 10137
15886 10137
1576 10137
21104 10137
18535 10137
12621 10137
18725 10137
22145 10137
8722 10137
5922 10137
1715 16880
10409 16880
8086 16880
1711 16880
10737 16880
4071 16880
2072 16880
3988 16880
4627 16880
19191 16880
3232 16880
13826 16880
8993 16880
11849 16880
3833 16880
16215 16880
564 16880
21245 16880
1473 16880
21236 16880
4600 16880
11201 16880
12168 16880
13858 16880
8010 16880
10159 16880
13379 16880
10137 16880
17128 16880
9187 16880
3957 16880
506 16880
2760 16880
8155 16880
9150 16880
1816 16880
14368 16880
19855 16880
15554 16880
19659 16880
14326 16880
16653 16880
8602 16880
2378 16880
20817 16880
243 16880
2223 16880
1695 16880
3361 16880
743 16880
18542 16880
11072 16880
14498 16880
5810 16880
2729 16880
3830 16880
8808 16880
1308 16880
5454 16880
11977 16880
9222 16880
20462 16880
1313 16880
16685 16880
18462 16880
5118 16880
2339 16880
19504 16880
12520 16880
22145 16880
13587 16880
9809 16880
2104 16880
7304 16880
20727 16880
5715 16880
1023 16880
8900 16880
1715 1711
5457 1711
14526 1711
13379 1711
20727 1711
19950 1711
14098 1711
1720 1711
8086 1711
14860 1711
14311 1711
2618 1711
13935 1711
18673 1711
4627 1711
4071 1711
2760 1711
10737 1711
20289 1711
19191 1711
17201 1711
8614 1711
10774 1711
2072 1711
16107 1711
7037 1711
17091 1711
4320 1711
951 1711
10137 1711
10289 1711
9091 1711
7186 1711
8993 1711
17128 1711
756 1711
16880 1711
603 1711
2539 1711
264 1711
4985 1711
15489 1711
3361 1711
14498 1711
19623 1711
21715 1711
314 1711
12632 1711
19736 1711
18193 1711
15010 1711
8968 1711
1212 1711
3652 1711
1473 1711
5118 1711
7710 1711
1450 1711
22145 1711
1633 1711
14793 1711
21310 1711
3402 3833
2760 3833
11288 3833
7780 3833
18818 3833
20289 3833
17635 3833
18866 3833
16489 3833
11887 3833
7737 3833
19191 3833
18153 3833
8144 3833
11849 3833
16880 3833
951 3833
8993 3833
5887 3833
4820 3833
21168 3833
4320 3833
12406 3833
3833 3833
13750 3833
4237 3833
14643 3833
12540 3833
1715 2034
19950 2034
11529 2034
9187 2034
8086 2034
13727 2034
14098 2034
9211 2034
133 2034
6876 2034
6259 2034
1884 2034
1176 2034
19936 2034
2072 2034
19313 2034
8993 2034
2760 2034
7251 2034
19191 2034
20494 2034
9809 2034
603 2034
16152 2034
168 2034
12342 11061
7368 11061
11639 11061
6876 11061
4704 11061
18937 11061
19504 11061
951 11061
4783 11061
17328 11061
10737 11061
11561 11061
18279 11061
9193 11061
21893 11061
2072 11061
18359 11061
2760 11061
14357 11061
18220 11061
4820 11061
21147 11061
955 11061
9187 11061
19191 11061
20621 11061
17770 11061
10737 21077
20621 21077
11061 21077
16463 21077
3988 21077
6876 21077
14311 21077
14860 21077
21893 21077
9211 21077
2072 21077
5369 21077
21077 21077
1176 1720
2072 1720
9211 1720
6259 1720
4237 1720
11677 1720
18866 1720
12406 1720
11561 1720
19704 1720
11061 1720
14369 1720
19191 1720
21963 1720
17789 1720
2760 1720
8993 1720
13826 1720
7737 1720
19313 1720
11288 1720
12918 1720
10289 1720
951 1720
10681 1720
1816 1720
11804 1720
11061 561
21344 561
18421 561
21626 561
20132 561
16586 561
12168 561
18652 561
3296 561
11751 561
7672 561
10159 561
11289 561
18492 561
791 561
14294 561
53 561
2760 561
1943 561
3520 561
757 561
18721 561
22138 561
15529 561
16123 561
896 561
11804 561
2527 561
18535 561
15210 561
22145 561
8599 4820
12847 4820
2236 4820
8472 4820
17588 4820
2072 4820
14369 4820
1943 4820
11061 4820
19191 4820
7737 4820
20289 4820
19504 4820
21963 4820
10737 4820
18220 4820
2760 4820
18866 4820
16107 4820
5887 4820
4140 4820
3833 4820
4237 4820
11288 4820
7368 4820
19386 4820
2391 4820
5369 9222
13740 9222
2034 9222
2072 9222
10737 9222
19191 9222
17789 9222
13826 9222
16107 9222
11288 9222
1677 9222
564 9222
7325 9222
20494 9222
6876 9222
16110 9222
19308 9222
10137 9222
1576 9222
18462 9222
264 9222
20727 9222
19984 9222
7358 9222
19650 9222
1711 9222
3504 9222
3212 9222
10002 9222
4150 9222
20973 9222
8808 9222
473 9222
8975 9222
13268 9222
19504 9222
7796 9222
22145 9222
13587 9222
21852 8100
754 8100
7614 8100
21293 8100
324 8100
9341 8100
19313 829
6603 829
11751 829
18492 829
506 829
11678 829
9734 829
12373 829
18503 829
10206 829
1816 829
20962 829
7428 829
16653 829
1760 829
873 829
17061 829
15489 829
2223 829
13325 829
1036 829
20400 829
18542 829
2629 829
17586 829
757 829
10240 829
4459 829
6579 829
1226 829
20665 829
15591 829
2063 829
20462 829
11618 829
10029 829
3652 829
2654 829
8975 829
1187 829
4252 829
7631 829
19274 829
18366 829
20045 829
21826 829
8878 829
14298 829
14735 829
15453 829
22145 829
10415 829
20910 829
16283 829
8027 829
17128 14860
14311 14860
8086 14860
1992 14860
10737 14860
12046 14860
7454 14860
16070 14860
4783 14860
3988 14860
8993 14860
21077 14860
18866 14860
6259 14860
9211 14860
9187 14860
18220 14860
9193 14860
16685 14860
7797 14860
1176 14860
5295 14860
2072 14860
328 14860
19191 14860
1943 754
2072 754
19504 754
16107 754
11288 754
16880 754
18606 754
15236 754
9716 754
2760 754
14498 754
17914 754
1182 754
14322 754
6259 754
8426 754
8993 754
2539 754
15669 754
2857 754
17318 754
4238 754
20660 754
17668 754
5528 754
755 754
8475 754
473 754
2535 754
20462 754
19175 754
18927 754
4713 754
20289 754
4073 754
15892 754
18463 754
20910 754
9809 754
5715 754
7693 4071
1711 4071
4383 4071
10737 4071
11288 4071
18673 4071
16880 4071
4627 4071
20268 4071
17128 4071
3362 4071
2072 4071
14098 18603
6469 18603
3460 18603
14049 18603
10774 18603
1176 18603
19191 18603
16107 18603
13826 18603
9208 18603
7037 18603
11618 18603
17834 18603
11529 18603
951 18603
12088 18603
2760 18603
12406 18603
18220 18603
1077 18603
8993 18603
6603 18603
955 18603
4237 18603
18787 18603
2072 18603
18725 18603
10137 18603
2494 18603
3051 18603
11494 18603
18528 18603
17871 18603
18462 18603
13693 18603
21104 18603
3296 18603
9187 18603
18127 18603
14498 18603
682 18603
2391 18603
20726 18603
13858 18603
7796 18603
18214 18603
18428 18603
13587 18603
6851 18603
14659 15617
10159 15617
4820 1943
21450 1943
5019 1943
18220 1943
19191 1943
21245 1943
15609 1943
5271 1943
1949 1943
3973 1943
71 1943
18462 1943
19855 1943
10159 1943
21715 1943
2455 1943
1576 1943
18927 1943
9809 1943
16107 7672
18421 7672
655 7672
12406 7672
16632 7672
9800 7672
18462 7672
4808 7672
1805 7672
14526 4237
19950 4237
16658 4237
14369 4237
2072 4237
21955 4237
19191 4237
20289 4237
19321 4237
6285 4237
19313 4237
15554 4237
11288 4237
21245 4237
12406 4237
951 4237
18220 4237
1720 4237
1077 4237
8993 4237
3833 4237
12918 4237
4237 4237
2760 4237
3973 4237
9583 4237
12168 4237
4820 4237
19855 4237
10137 4237
19229 4237
13067 4237
9208 4237
2034 951
9187 951
2072 951
17128 951
14526 951
11061 951
4237 951
8993 951
18220 951
11849 951
2791 951
19504 951
18535 951
11529 951
17706 951
11288 951
1720 951
10289 951
14049 951
3833 951
951 951
19909 951
12406 951
15827 10289
19191 10289
1195 10289
17789 10289
9800 10289
7677 10289
16107 10289
8993 10289
9809 10289
19321 10289
1720 10289
951 10289
1077 10289
1711 10289
8197 10289
9583 10289
19909 10289
12406 10289
6603 10289
15934 10289
18220 10289
15591 13935
14311 13935
10968 13935
18673 13935
2760 13935
19936 13935
1896 13935
2072 13935
1715 3232
1176 3232
10737 3232
14311 3232
9193 3232
16687 3232
15892 3232
2072 3232
16880 3232
19191 3232
13379 3232
2760 3232
9208 3232
16107 3232
19504 3232
19504 11266
10737 11266
9193 11266
14777 11266
17588 11266
328 11266
14311 11266
21909 11266
2072 11266
18605 11266
21450 11266
15892 11266
11773 11266
19191 11266
17128 5710
2072 5710
5295 5710
17614 5710
9883 5710
8993 5710
10737 5710
1176 5710
10348 5710
19191 5710
12780 5710
20289 5710
20737 5710
18866 5710
17919 5710
2760 5710
6285 5710
7251 5710
21245 5710
3833 5710
7737 5710
4820 5710
11288 5710
18535 5710
11080 5710
2654 5710
322 6241
6603 6241
12420 6241
18787 6241
1805 6241
21293 6241
9613 6241
1110 6241
1898 6241
15586 6241
13534 6241
21716 6241
11528 6241
20880 6514
17091 6514
9208 6514
17038 6514
11856 6514
18153 6514
19386 6514
18528 6514
19706 6514
19175 6514
6150 6514
13314 6514
13587 6514
5922 6514
14098 11306
4383 11306
18673 11306
11288 11306
14526 11306
16658 11306
2760 11306
2072 11306
9187 11306
322 11306
18145 11306
8993 9187
10737 9187
18673 9187
16658 9187
14860 9187
9193 9187
11288 9187
18220 9187
2072 9187
14311 9187
1176 9187
1195 9187
2760 9187
11061 9187
19191 9187
10774 9187
4600 9187
14443 9187
7281 9187
11494 9187
3973 9187
9341 9187
2539 9187
13534 9187
15756 9187
2679 9187
9807 9187
17586 9187
14367 9187
9969 9187
8968 9187
10029 9187
8344 9187
16685 9187
46 9187
5484 9187
22145 9187
21700 21245
2034 21245
14051 21245
17630 21245
21955 21245
2340 21245
19191 21245
19313 21245
10737 21245
18535 21245
7037 21245
4237 21245
18220 21245
6603 21245
8993 21245
19504 21245
9583 21245
2072 21245
8975 21245
13693 21245
71 21245
4808 21245
17091 21245
12168 21245
17614 21245
11080 21245
3296 21245
12151 21245
7420 21245
6259 21245
19386 21245
15834 21245
19855 21245
5284 21245
12406 21245
1943 21245
17128 1695
1816 1695
1636 1695
17586 1695
564 1695
5383 1695
8808 1695
1308 1695
5454 1695
19175 1695
18673 4627
4071 4627
14526 4627
12053 4627
2072 4627
21665 3973
6900 3973
17128 3973
10737 3973
16040 3973
4237 3973
18725 3973
1248 3973
1212 3973
18462 3973
16658 3973
3174 3973
18528 3973
1943 3973
10531 3973
9809 3973
21175 3973
509 506
8034 506
8993 506
829 506
18492 506
14294 506
10681 506
19650 506
648 506
19855 506
15283 506
1695 506
3296 506
8367 506
5383 506
16146 506
2535 506
20462 506
10029 506
4252 506
13327 506
2449 506
15210 506
9198 506
6241 506
9072 506
22145 506
20433 506
9809 506
2072 3988
7797 3988
16463 3988
3957 13669
13935 13669
2760 13669
10737 13669
17128 13669
13905 13669
14311 13669
4071 13669
13727 13669
2072 13669
21236 1576
12915 1576
4150 1576
6150 1576
8049 1576
12692 1576
3296 1576
19650 1576
8602 1576
15756 1576
9699 1576
1943 1576
5810 1576
18721 1576
8808 1576
6122 1576
655 1576
11618 1576
3652 1576
2654 1576
2049 1576
19517 1576
21404 1576
13327 1576
7572 1576
6760 1576
21104 1576
2339 1576
2328 1576
10040 1576
16489 1576
549 1576
9809 1576
6281 1576
16283 1576
5300 1576
16773 6259
2618 6259
2034 6259
9211 6259
8115 6259
2072 6259
17630 6259
14369 6259
14860 6259
5295 6259
9105 6259
11561 6259
1720 6259
15669 6259
19191 6259
2760 6259
754 6259
11288 6259
11529 6259
1992 6259
1212 6259
5665 6259
21245 6259
21310 6259
6241 6259
13444 6259
13693 6259
8993 6259
9583 6259
11080 6259
2861 6259
16229 6259
16114 6259
18787 6259
8426 6259
8975 6259
18725 6259
8993 15810
18462 15810
15057 15810
13618 15810
563 15810
22145 15810
2072 1178
2391 1178
1195 1178
20086 1178
19191 1178
8993 1178
16107 1178
11061 1178
16059 1178
8049 1178
1677 1178
16851 1178
7281 1178
21325 1178
12245 1178
19670 1176
1715 1176
19950 1176
7693 1176
1896 1176
1711 1176
6876 1176
3157 1176
11561 1176
2618 1176
1884 1176
14526 1176
2034 1176
12732 1176
8086 1176
10737 1176
3232 1176
2760 1176
16658 1176
19386 1176
9211 1176
2391 1176
7797 1176
14860 1176
18605 1176
21450 1176
12115 1176
9187 1176
5019 1176
2072 1176
8993 1176
19191 1176
18220 2391
14369 2391
1633 2391
5369 2391
17000 2391
14102 2391
16469 2391
4526 2391
6760 2391
2339 2391
20726 2391
13693 2391
21175 2391
6537 1383
1943 1383
5019 1383
21994 1383
19191 1383
20621 1383
10774 1383
16107 1383
11529 1383
2655 1383
15669 1383
19504 1383
4623 1383
1949 1383
11610 1383
3527 1383
506 1383
8809 1383
11804 1383
71 1383
11750 1383
22145 1383
21293 3541
5665 3541
1816 3541
873 3541
9699 3541
2857 3541
10240 3541
168 3541
19175 3541
1187 3541
2086 3541
7502 3541
12520 3541
11109 3541
2240 18462
3973 18462
28 18462
1943 18462
19706 18462
22145 18462
5136 18462
20015 18462
20621 8808
10737 8808
12088 8808
16107 8808
10842 8808
15440 8808
12692 8808
2810 8808
9613 8808
11850 8808
755 8808
2281 8808
21731 8808
8993 8808
10558 8808
9805 8808
21994 8808
11678 8808
19650 8808
603 8808
1452 8808
3504 8808
16653 8808
10159 8808
15756 8808
4985 8808
7677 8808
17914 8808
1695 8808
18127 8808
13325 8808
3295 8808
1564 8808
3212 8808
8884 8808
19326 8808
1036 8808
1943 8808
493 8808
21803 8808
8039 8808
8201 8808
14498 8808
19623 8808
11494 8808
5810 8808
17201 8808
2729 8808
757 8808
21715 8808
21424 8808
10240 8808
7840 8808
21599 8808
17000 8808
18721 8808
12632 8808
20665 8808
19736 8808
19920 8808
655 8808
16992 8808
17174 8808
168 8808
4283 8808
2535 8808
8968 8808
1576 8808
7567 8808
865 8808
18927 8808
3652 8808
424 8808
12021 8808
2049 8808
1187 8808
4771 8808
13666 8808
28 8808
16843 8808
11804 8808
8889 8808
15609 8808
2495 8808
16586 8808
8932 8808
2527 8808
15500 8808
6760 8808
7710 8808
16257 8808
2339 8808
10091 8808
6183 8808
1038 8808
12190 8808
9351 8808
563 8808
9956 8808
1328 8808
2786 8808
20726 8808
12520 8808
7661 8808
9198 8808
11829 8808
10349 8808
108 8808
9761 8808
123 8808
1994 8808
7796 8808
18463 8808
16658 8808
6809 8808
2564 8808
22145 8808
16059 8808
9944 8808
6289 8808
8609 8808
9809 8808
9276 8808
4032 8808
955 8808
9211 14051
14357 14051
19191 14051
18673 13750
14049 13750
9187 13750
8993 13750
21963 13750
14369 13750
18787 13750
11061 13750
11288 13750
17706 13750
12406 13750
6603 13750
2269 13750
12918 13750
21731 13750
4999 13750
12398 13750
1212 13750
18503 13750
19855 13750
18448 13750
18448 13750
8298 13750
21404 13750
16843 13750
14322 13750
9809 13750
2034 5665
6603 5665
3296 5665
11201 5665
11109 5665
21994 5665
2857 5665
484 5665
791 5665
13534 5665
10206 5665
17160 5665
8475 5665
10125 5665
8875 5665
7572 5665
14777 5665
8993 756
264 756
13145 756
757 756
13193 756
15077 756
4886 756
4283 756
7760 756
9809 756
2072 969
11266 969
5019 969
20387 969
9807 969
10002 969
17201 969
21715 969
12632 969
6123 969
4283 969
7567 969
46 969
18462 969
16843 969
7686 969
8993 20726
8155 20726
10159 20726
18603 20726
19623 20726
3390 20726
8808 20726
11618 20726
13704 20726
18214 20726
1303 20726
9809 20726
2034 11529
14860 11529
3982 11529
1884 11529
20727 11529
13571 11529
3957 11529
1715 11529
2072 11529
14049 11529
9193 11529
20621 11529
19191 11529
13826 11529
1383 11529
11288 11529
951 11529
18220 11529
12918 11529
4150 11529
1077 11529
13379 11529
5831 11529
19936 11529
6603 11529
955 11529
17091 11529
10137 11529
71 11529
16110 11529
14432 11529
16658 11529
2339 11529
18462 11529
19504 11529
2760 11529
3296 11529
1633 11529
12520 11529
2087 11529
8993 11529
14973 11529
756 11529
9187 11529
15978 11529
4334 11529
8155 11529
8053 11529
19855 11529
2269 11529
15763 11529
133 11529
4985 11529
3547 11529
9807 11529
3361 11529
18127 11529
4181 11529
3212 11529
11137 11529
6012 11529
8039 11529
2458 11529
18448 11529
942 11529
21424 11529
12632 11529
8808 11529
16789 11529
8809 11529
11977 11529
16992 11529
18193 11529
10774 11529
10971 11529
4283 11529
20462 11529
865 11529
12021 11529
18528 11529
16685 11529
11804 11529
8889 11529
10456 11529
20726 11529
9809 11529
8135 11529
17201 7368
19191 7368
1633 7368
9208 7368
9613 7368
8993 7368
3973 7368
10096 7368
16658 7368
12151 7368
9382 7368
19623 7368
8284 7368
1425 17834
1715 17834
19670 17834
21700 17834
391 17834
2072 17834
10737 17834
3988 17834
16463 17834
14311 17834
18220 17834
8525 17834
9091 17834
18652 17834
9613 17834
21147 53
16107 53
21245 53
11061 53
815 53
11529 53
10842 53
5710 53
21569 53
11751 53
18535 53
11678 53
7447 53
561 53
259 53
1816 53
110 53
12646 53
11437 53
18979 53
19535 53
2320 53
17061 53
6012 53
5383 53
17174 53
10029 53
8344 53
11677 53
6244 53
1994 53
5369 5420
12915 5420
9036 5420
9805 5420
17128 5420
21731 5420
1943 5420
2339 5420
9809 5420
1212 18528
6514 18528
13058 18528
18603 18528
14659 18528
1182 18528
3973 18528
16658 18528
1695 18528
19650 18528
1452 18528
3504 18528
15756 18528
7256 18528
869 18528
6122 18528
11974 18528
15077 18528
15591 18528
16569 18528
15529 18528
14432 18528
865 18528
3652 18528
2049 18528
13358 18528
247 18528
22145 18528
9809 18528
14526 21665
18145 21665
2072 5019
2760 5019
21909 5019
11288 5019
11061 5019
4320 5019
18570 5019
17588 5019
11773 5019
10737 5019
6687 603
2169 603
1532 603
9805 603
21994 603
10681 603
19650 603
1816 603
7680 603
3504 603
143 603
15756 603
20817 603
17061 603
17914 603
1695 603
3212 603
12026 603
17613 603
815 603
8039 603
8201 603
3520 603
21715 603
5383 603
12632 603
20665 603
8808 603
13845 603
8298 603
8809 603
14206 603
2535 603
15529 603
865 603
3652 603
15102 603
2049 603
15816 603
17038 603
13885 603
4252 603
13451 603
10984 603
11804 603
2339 603
9351 603
563 603
16678 603
20746 603
22057 603
15825 603
8818 603
10609 603
6809 603
2564 603
22145 603
16059 603
9276 603
3051 603
7304 603
5369 18315
15453 7737
15729 7737
9082 7737
22156 7737
17614 7737
19191 7737
18866 7737
12780 7737
18359 7737
21245 7737
11288 7737
5710 7737
322 7737
1720 7737
4820 7737
18725 7737
19650 7737
18954 7737
16480 7737
10737 16658
1176 16658
8993 16658
2072 16658
9187 16658
9091 16658
18725 16658
11829 16658
3973 16658
11634 16658
18528 16658
1633 16658
18462 16658
6379 16658
22145 16658
13587 16658
756 5447
259 5447
1452 5447
8155 5447
19855 5447
12026 5447
8884 5447
1943 5447
10002 5447
4150 5447
11494 5447
14740 5447
20660 5447
20973 5447
12306 5447
8808 5447
22138 5447
9327 5447
11974 5447
18193 5447
13058 5447
3657 5447
10950 5447
2231 5447
5025 5447
20233 5447
2339 5447
20726 5447
19825 5447
12520 5447
11829 5447
2564 5447
18214 5447
1182 5447
14860 17201
1884 17201
1715 17201
21552 17201
8086 17201
1711 17201
4320 17201
2072 17201
19191 17201
10092 17201
7368 17201
22145 17201
18428 17201
2104 17201
19191 18492
11288 18492
18787 18492
2251 18492
19855 18492
5859 18492
7840 18492
18359 18492
18492 18492
11751 18492
7186 18492
829 18492
9005 18492
506 18492
11503 18492
1816 18492
17101 18492
15742 18492
5435 18492
8426 18492
6579 18492
8809 18492
113 18492
12919 18492
8975 18492
19598 18492
3616 18492
16843 18492
2339 18492
22145 18492
15803 18492
955 18492
12692 21715
10865 21715
10159 21715
17128 21715
1943 21715
2339 21715
18725 21715
16107 16843
9805 16843
2142 16843
8884 16843
21450 16843
3296 16843
10240 16843
18462 16843
7502 16843
22145 16843
16059 16843
12342 19950
3708 19950
1425 19950
3957 19950
2034 19950
6823 19950
1715 19950
19670 19950
1176 19950
6876 19950
21700 19950
4237 19950
13727 19950
1884 19950
2760 19950
14098 19950
20727 19950
8993 19950
9583 19950
11639 19950
8086 19950
8993 9380
754 9380
17914 9380
3212 9380
11829 9380
11110 9380
3787 9380
5665 9380
10681 9380
15073 9380
8602 9380
7068 9380
11594 9380
2679 9380
7325 9380
15489 9380
9807 9380
8724 9380
17201 9380
757 9380
21715 9380
10240 9380
8426 9380
6579 9380
12632 9380
8809 9380
16992 9380
14410 9380
10971 9380
21716 9380
28 9380
16586 9380
5118 9380
11677 9380
2697 9380
2339 9380
19308 9380
14322 9380
19825 9380
12520 9380
22145 9380
17091 9380
8144 12540
3833 12540
15230 12540
11751 12540
18725 12540
4334 2539
10681 2539
1452 2539
9807 2539
3212 2539
21715 2539
314 2539
18137 2539
18193 2539
15591 2539
13314 2539
865 2539
6183 2539
15210 2539
14322 2539
5121 2539
12168 11829
2494 11829
3296 11829
19936 11829
20233 11829
19967 11829
6760 11829
2339 11829
3387 11829
9869 11829
9809 11829
9389 11829
12407 11829
9208 2458
11829 2458
12407 2458
15756 2458
10240 2458
12632 2458
755 2458
22138 2458
8475 2458
14432 2458
18927 2458
12021 2458
14536 2458
10456 2458
1182 2458
19670 18489
1715 18489
2760 18489
20727 18489
21700 18489
19950 18489
1884 18489
8329 18489
133 18489
14098 18489
3957 18489
2618 18489
21077 18489
4555 18489
16371 18489
4383 18489
18673 18489
17128 18489
12732 18489
10737 18489
6491 18489
4071 18489
2034 18489
17630 18489
19855 18489
18791 18489
3362 18489
11248 18489
13727 18489
10002 18489
18279 18489
16159 18489
9193 18489
2072 18489
15892 18489
11061 18489
1943 18489
5295 18489
328 18489
13610 18489
21245 18489
21909 18489
12115 18489
22123 18489
21813 18489
10348 18489
11561 18489
11764 18489
19191 18489
15739 18489
18421 18489
1176 18489
6259 18489
9718 18489
322 18489
754 18489
15554 18489
12406 18489
1720 18489
11849 18489
11529 18489
951 18489
8993 18489
13693 18489
12088 18489
12918 18489
11288 18489
15609 18489
9091 1452
755 1452
1122 1452
7068 1452
9487 1452
4985 1452
815 1452
10002 1452
12632 1452
8808 1452
15529 1452
20462 1452
18927 1452
22057 1452
10257 1452
9761 1452
10348 1452
6851 1452
21147 18535
11061 18535
19191 18535
21245 18535
21994 18535
951 18535
11288 18535
6603 18535
5710 18535
53 18535
561 18535
11751 18535
10159 18535
9943 18535
2984 18535
21826 18535
10137 18535
16880 19855
14049 19855
14721 19855
4237 19855
8426 19855
7281 19855
10159 19855
14659 19855
3174 19855
791 19855
3957 19855
506 19855
603 19855
12167 19855
14368 19855
15073 19855
3504 19855
1760 19855
3369 19855
4985 19855
18618 19855
3547 19855
1695 19855
7256 19855
18127 19855
1036 19855
1943 19855
20400 19855
16539 19855
5191 19855
2073 19855
17711 19855
11494 19855
17586 19855
1135 19855
2729 19855
9694 19855
5383 19855
17000 19855
6579 19855
18721 19855
12632 19855
1308 19855
21533 19855
17174 19855
2535 19855
10029 19855
1313 19855
2049 19855
4771 19855
21404 19855
13268 19855
19936 19855
12245 19855
10125 19855
2858 19855
2328 19855
563 19855
11829 19855
22145 19855
16059 19855
9809 19855
9276 19855
1182 19855
8472 13693
19504 13693
19191 13693
10774 13693
21691 13693
11288 13693
18787 13693
18603 13693
9208 13693
9583 13693
18448 13693
2494 13693
6514 13693
15073 13693
3973 13693
28 13693
2760 13693
21715 13693
20660 13693
6259 13693
8993 13693
17128 13693
5665 13693
2391 13693
20973 13693
18725 13693
16059 13693
1723 13693
5665 14777
10681 14777
12520 14777
19868 1077
20621 1077
322 1077
4320 1077
14049 1077
10289 1077
15609 1077
19909 1077
4296 259
1943 259
21424 259
18193 259
10971 259
10456 259
8055 259
9055 259
17061 213
15833 213
2072 1425
19950 1425
1715 1425
13571 1425
21552 1425
10456 10456
13535 10456
259 10456
3313 10456
11804 10456
7251 18448
9613 18448
2339 18448
16114 18448
1182 18448
13067 18448
16771 18448
18462 18448
259 18448
10206 18448
666 18448
11494 18448
923 18448
19175 18448
4771 18448
28 18448
11804 18448
9198 18448
13740 18673
13935 18673
1473 18673
15885 18673
2618 18673
12732 18673
13750 18673
4383 18673
10737 18673
1711 18673
21665 18673
9187 18673
19936 18673
8086 18673
13905 18673
4071 18673
16100 18673
18673 18673
14526 18673
20621 18673
2072 18673
11288 18673
4454 18673
10159 18927
1452 18927
4985 18927
1943 18927
22138 18927
18725 18927
22057 18927
15978 4334
10681 4334
2539 4334
1816 4334
8053 4334
19659 4334
143 4334
2899 4334
742 4334
1760 4334
7068 4334
13827 4334
9487 4334
20817 4334
17061 4334
10625 4334
2223 4334
19827 4334
743 4334
3212 4334
21661 4334
18121 4334
7408 4334
5191 4334
8724 4334
4150 4334
942 4334
20660 4334
7315 4334
8298 4334
8809 4334
17174 4334
17420 4334
15529 4334
20462 4334
14432 4334
3652 4334
16110 4334
12021 4334
22145 4334
9809 4334
18220 21599
655 21599
4283 21599
8485 21599
15489 20660
3295 20660
14740 20660
4238 20660
16789 20660
11391 20660
8599 11561
6876 11561
15885 11561
8993 11561
1896 11561
2618 11561
1176 11561
2072 11561
6259 11561
1720 11561
7368 11561
19191 11561
7251 11561
11061 11561
22145 13829
71 8155
9613 8155
15934 8155
2539 8155
17926 8155
3361 8155
12026 8155
19623 8155
6502 8155
12632 8155
4771 8155
11804 8155
2858 8155
18725 8155
317 8155
13615 8155
20726 8155
7661 8155
9198 8155
8722 8155
20825 8155
9809 8155
18084 8155
1122 8155
2328 11503
11080 11503
18492 11503
756 11503
10558 11503
11678 11503
10206 11503
14368 11503
742 11503
2320 11503
1695 11503
6178 11503
8033 11503
8884 11503
17129 11503
5191 11503
3520 11503
18213 11503
16565 11503
9160 11503
113 11503
1888 11503
3219 11503
8975 11503
19598 11503
7855 11503
2086 11503
21360 11503
10456 11503
18787 11503
11750 11503
22145 11503
10981 11503
16114 11503
19650 3361
603 3361
19855 3361
11137 3361
20660 3361
6579 3361
11977 3361
1890 3361
4526 3361
12021 3361
2527 3361
22145 3361
12175 3361
11639 1715
6823 1715
7467 1715
2034 1715
12342 1715
17201 1715
17834 1715
19670 1715
1176 1715
2072 1715
19950 1715
10409 1715
21552 1715
8086 1715
11529 1715
14241 1715
21715 11085
156 11085
19382 16463
9583 16463
18220 16463
3988 16463
20621 16463
19191 13826
16880 13826
17128 13826
8135 13826
1212 13826
6514 13826
11856 13826
17038 13826
20660 13826
18462 13826
15886 13826
6803 13826
12522 13826
20973 13826
3205 13826
46 13826
13885 13826
8993 71
2269 71
8155 71
13067 71
1633 71
19386 71
1943 71
16283 71
14051 11519
16114 11519
5665 11519
13535 11519
13079 11519
2777 11519
506 11519
10558 11519
259 11519
8155 11519
13534 11519
1816 11519
19855 11519
15763 11519
16653 11519
3295 11519
10368 11519
2416 11519
1943 11519
9982 11519
2509 11519
6036 11519
11494 11519
3830 11519
757 11519
8501 11519
248 11519
18721 11519
10765 11519
20021 11519
16992 11519
17174 11519
3527 11519
2535 11519
20462 11519
3652 11519
8344 11519
12245 11519
2813 11519
2786 11519
3387 11519
22145 11519
21001 11519
19191 10774
11288 10774
13693 10774
17091 10774
12794 10774
4283 10774
16472 10774
8993 10774
9187 10774
506 10774
8155 10774
648 10774
18721 10774
3219 10774
21404 10774
13327 10774
1383 10774
8889 10774
2339 10774
15455 10774
6241 10774
18214 10774
3051 10774
15609 3212
13067 3212
11494 3212
603 3212
2539 3212
3504 3212
11618 3212
19175 3212
6285 18787
15729 18787
9211 18787
18421 18787
19191 18787
12780 18787
18866 18787
21963 18787
13750 18787
11849 18787
322 18787
951 18787
120 18787
136 18787
18603 18787
13693 18787
6469 18787
11080 18787
6241 18787
18492 18787
7614 18787
3296 18787
14876 18787
14659 18787
8426 18787
15803 18787
6259 18787
8993 18787
19650 18787
11503 18787
8155 18787
3787 18787
19855 18787
18448 18787
757 18787
1187 18787
13327 18787
2328 18787
10456 18787
19242 18787
12520 18787
108 18787
308 18787
16670 18787
11750 18787
15453 18787
19191 21084
15996 21084
15886 21084
791 21084
17128 21084
3957 21084
10558 21084
4334 21084
11678 21084
603 21084
10206 21084
1816 21084
15554 21084
19659 21084
16653 21084
2899 21084
7987 21084
1760 21084
8602 21084
7068 21084
20817 21084
18618 21084
17061 21084
19827 21084
3295 21084
1636 21084
869 21084
21661 21084
6012 21084
18121 21084
12181 21084
16539 21084
1396 21084
1400 21084
18792 21084
11691 21084
11494 21084
942 21084
10240 21084
19309 21084
3507 21084
248 21084
18721 21084
5454 21084
14367 21084
17174 21084
13682 21084
6170 21084
9406 21084
168 21084
15971 21084
15529 21084
20462 21084
3652 21084
16110 21084
17481 21084
12398 21084
1187 21084
4252 21084
22137 21084
16586 21084
13241 21084
9351 21084
2305 21084
5278 21084
22145 21084
21864 21084
9809 21084
1182 21084
12407 21084
966 13587
18603 13587
11494 13587
3652 13587
21404 13587
2339 13587
12190 13587
6514 13587
16658 13587
22145 13587
8135 13587
7745 13587
13324 13587
1896 20621
9187 20621
951 20621
1195 20621
16040 20621
8751 20621
13727 20621
16463 20621
2072 20621
1077 20621
19909 20621
11061 20621
18220 20621
19191 20621
9583 20621
1383 20621
11849 20621
16107 2535
7186 2535
756 2535
8155 2535
4985 2535
3653 2535
21715 2535
8426 2535
8808 2535
8809 2535
17174 2535
3652 2535
12245 2535
108 2535
8818 2535
9809 2777
17926 2777
20758 2777
15489 2777
8898 2777
20665 2777
8298 2777
98 2777
19175 2777
18935 2777
914 2777
20910 2777
18462 4181
12092 4181
18214 4181
10558 4181
648 4181
8053 4181
12646 4181
14326 4181
16653 4181
11594 4181
1589 4181
15814 4181
6178 4181
5191 4181
18954 4181
18029 4181
3520 4181
1135 4181
2729 4181
20660 4181
17000 4181
248 4181
6379 4181
16762 4181
17420 4181
473 4181
21404 4181
2339 4181
9351 4181
22145 4181
9809 4181
13534 6280
10206 6280
21715 6280
5369 2618
18673 2618
11561 2618
1176 2618
8086 2618
1994 2618
19191 11348
1884 20727
1715 20727
2760 20727
11529 20727
19950 20727
2072 20727
5019 20727
14659 20727
6150 20727
12060 20727
1715 9583
19950 9583
10968 9583
1896 9583
17630 9583
16463 9583
9211 9583
13615 9583
18220 9583
2072 9583
19191 9583
20621 9583
10774 9583
16219 9583
10289 9583
15609 9583
21245 9583
16472 9583
4237 9583
8975 9583
6259 9583
14526 1110
9211 1110
3295 1110
17588 1110
19704 1110
9187 1110
10737 1110
15350 1110
11561 1110
19191 1110
16880 1110
8993 1110
21245 1110
7037 1110
14248 1110
16219 1110
11529 1110
6259 1110
19386 1110
11110 1110
17128 1110
7672 1110
17091 1110
6241 1110
18792 1110
16114 1110
7186 1110
11528 1110
4806 1110
2527 1110
19308 1110
22145 1110
2072 4320
5019 4320
19191 4320
1077 4320
19855 17174
15489 17174
9982 17174
10002 17174
2073 17174
3296 17174
13845 17174
702 17174
4283 17174
11618 17174
22145 17174
19950 19382
1195 19382
16463 19382
15737 19382
322 19382
2072 19382
15669 19382
19191 19382
17706 19382
18787 19382
7773 19382
17614 19382
8426 19382
11503 19382
22145 19382
1949 21827
9036 21827
15057 898
2832 898
15042 374
6027 1921
9805 1921
10073 1921
771 1921
4150 1921
98 1921
7304 1921
8745 11236
18448 11236
22138 11236
18462 11236
16843 11236
20726 11236
7760 11236
18463 11236
6809 11236
22145 11236
18214 11236
19893 11236
9809 11236
19984 11236
3051 11236
17391 11236
133 1896
6876 1896
3957 1896
1176 1896
1195 1896
4383 1896
8086 1896
14860 1896
2072 1896
10737 1896
13935 1896
9583 1896
18220 1896
6150 21526
8100 21293
12915 21293
7186 21293
612 21293
3973 18725
7363 18725
2084 18725
493 18725
21715 18725
17668 18725
18927 18725
13327 18725
6010 18725
9200 18725
12520 18725
1994 18725
18463 18725
17014 18725
16059 18725
9809 18725
12993 18725
10918 18725
1122 18725
955 18725
3498 18725
11700 18725
3973 9809
955 9809
10159 9809
1943 9809
1576 9809
2339 9809
18725 9809
18463 9809
22145 9809
14369 1195
19382 1195
18220 1195
19594 1195
9187 1195
12520 2087
21731 2087
11288 22133
4283 20258
14659 19594
10206 20315
6603 4623
2320 4623
756 4283
21599 4283
8808 4283
20258 4283
3652 4283
14322 4283
2281 4283
1122 4283
20727 4283
1943 2122
13041 2122
2455 1036
17420 1036
15591 1036
8768 1036
12046 7454
2072 7454
19191 7454
19191 6991
396 6991
2839 12919
18725 12919
7797 10790
3174 10390
3099 13615
19191 13615
9583 13615
17128 13615
1122 13615
8155 13615
15057 13615
13241 13615
317 13615
22145 13615
4283 7612
8809 2998
3957 10206
15978 10206
8053 10206
13325 10206
11710 10206
19534 10206
18725 1957
3369 1589
2679 1589
7408 1589
10403 1589
1861 1589
22137 1589
12088 16711
13145 16711
21715 16711
314 16711
15210 16711
7239 305
4032 305
7454 7363
18725 7363
18462 7363
5420 21731
8993 12151
19191 12151
1195 12151
2034 12151
15350 12151
21700 12151
18237 12151
19313 12151
9208 12151
7037 12151
12918 12151
17091 12151
18792 12151
19386 12151
8609 12151
19855 12151
21245 12151
3296 12151
19950 4555
1715 4555
20727 4555
2760 4555
9211 4555
13727 4555
19936 4555
2618 4555
14526 4555
6259 4555
14049 4555
11061 4555
8993 4555
11288 4555
18535 4555
15886 4555
264 4555
12632 4555
17128 17091
6514 17091
8993 17091
14526 17091
18528 17091
14659 17091
12151 17091
8729 17091
18725 17091
17375 1805
8975 1805
4808 1805
14659 1805
6420 1816
14326 1816
17160 1816
1564 1816
6870 1816
3584 1816
2622 1816
15208 1816
2618 17128
12732 17128
2072 17128
11288 17128
13615 17128
4999 17128
14973 17128
7368 17128
11529 17128
8993 17128
3957 17128
2760 17128
1711 17128
19990 17128
19659 17128
16653 17128
10159 17128
21715 17128
15057 17128
11977 17128
14367 17128
1313 17128
18725 17128
5997 17128
7251 17128
17588 14973
14369 14973
1077 14973
14049 14973
17128 14973
1182 14973
8993 14973
6420 14973
648 14973
8053 14973
19855 14973
16653 14973
133 14973
1695 14973
14882 14973
11710 14973
14498 14973
18448 14973
21715 14973
10240 14973
5383 14973
11529 14973
8809 14973
18468 14973
3219 14973
11528 14973
9192 14973
14248 14973
17091 14973
7311 791
17128 791
10206 791
12167 791
8053 791
19855 791
2653 791
6901 791
7987 791
19535 791
666 791
2679 791
17061 791
1036 791
18121 791
815 791
7408 791
18029 791
6259 9211
8086 9211
1176 9211
18220 9211
21077 9211
6144 19229
1816 19229
22145 19229
22078 19229
16152 7037
19191 7037
13826 7037
16219 7037
1248 7037
12151 7037
11849 7037
888 7037
493 7037
18603 7037
16851 7037
18421 7037
21552 493
7797 493
8201 493
18725 493
21700 1884
1715 1884
19670 1884
8993 1884
4237 1884
19950 1884
15591 1884
133 1884
14526 1884
2034 1884
1176 1884
7037 16851
8993 16851
136 16851
1248 16851
19855 14721
9091 14721
11529 133
11288 133
8086 133
6876 133
1896 133
2034 133
2820 133
15834 133
19650 133
3386 133
1036 133
5383 133
16992 133
2305 133
16038 8724
1943 8724
9613 8724
651 8724
15978 8724
4334 8724
10681 8724
603 8724
1452 8724
16152 8724
8602 8724
2378 8724
11077 8724
15756 8724
2679 8724
4985 8724
17061 8724
21720 8724
7256 8724
19827 8724
18121 8724
12331 8724
10865 8724
2458 8724
15374 8724
942 8724
21424 8724
20660 8724
20356 8724
20413 8724
19516 8724
17174 8724
10971 8724
15591 8724
10029 8724
865 8724
12245 8724
22145 8724
1303 8724
9809 8724
1182 8724
12407 8724
8900 8724
14526 21700
12342 21700
4555 21700
19950 21700
8426 21700
8993 21700
12151 21700
19191 21700
2072 4783
12046 4783
7037 7987
12151 7987
791 7987
8993 7987
17128 7987
603 7987
13534 7987
12167 7987
16653 7987
2679 7987
6012 7987
10987 7987
8298 7987
1187 7987
16843 7987
19822 7987
14973 9192
6603 9192
17128 9192
1473 9192
3787 9192
21104 9192
2339 9192
16670 9192
22145 9192
1776 9192
18428 9192
1884 19534
9187 19534
18054 19534
13325 19534
19191 9718
14876 19326
11751 19326
15554 19326
15742 19326
9699 19326
21599 19326
17628 19326
1330 19326
16718 19326
10456 19326
2503 19326
317 19326
7511 19326
4334 742
1760 742
7256 742
3295 742
9699 742
9982 742
17711 742
5810 742
19566 742
10240 742
3219 742
12021 742
12245 742
22145 742
3498 742
7368 12918
18606 12918
2760 12918
1720 12918
11529 12918
1949 12918
18725 12918
10159 12918
2654 12918
6876 12918
20621 11849
13750 11849
3833 11849
18787 11849
19321 11849
11288 11849
7037 11849
951 11849
1805 11849
9809 11849
1079 11849
2034 11849
15816 11849
8875 11849
18725 11849
3550 11849
19534 7311
1641 7311
17481 7311
19191 12872
9943 1152
6469 6469
14049 6469
20726 6469
2242 6469
1182 6469
11061 955
20233 955
21104 955
18725 955
9809 955
21932 955
756 6178
13675 6178
297 6178
4334 6178
11503 6178
648 6178
20758 6178
1695 6178
9699 6178
11137 6178
1036 6178
1198 6178
8374 6178
21803 6178
14498 6178
942 6178
8426 6178
5383 6178
6579 6178
4324 6178
15591 6178
15529 6178
12919 6178
3652 6178
12021 6178
11624 6178
12245 6178
672 6178
7760 6178
18237 7526
21104 7526
16114 1104
13534 1104
19175 1104
15816 1104
1079 1104
9612 1104
21104 1104
19191 460
15529 264
12168 13067
8993 13067
9208 13067
3212 13067
18448 13067
12190 13067
7358 13067
22057 13067
22145 13067
17666 13067
756 13145
2328 13145
2791 13145
2251 14165
8993 2269
10137 2269
6603 2269
968 2269
11529 2269
4771 2269
17196 2269
22145 2269
15790 2269
12692 2861
8993 2861
7186 2861
5369 2861
21104 2861
16114 2861
13079 4771
11678 4771
603 4771
19855 4771
15763 4771
7068 4771
11494 4771
757 4771
20462 4771
3652 4771
8941 4771
10456 4771
13067 4771
1182 4771
19659 21286
2679 21286
17586 21286
18324 21286
254 3787
791 3787
8053 3787
2899 3787
1869 3787
1695 3787
16670 3787
5665 19825
10681 19825
10929 19825
1943 19825
12632 19825
22138 19825
10885 19825
16472 19825
19534 19825
15489 8298
6034 8298
603 8298
18503 8298
3295 8298
10403 8298
10240 8298
8809 8298
14876 8298
7653 11157
1633 3296
1182 3296
12151 3296
16099 3296
6760 3296
18725 3296
22145 3296
22078 3296
8472 8426
120 8426
19855 8426
18787 8426
9613 8426
6259 8426
506 8426
603 8426
648 8426
15489 8426
8039 8426
209 8426
5771 8426
17000 8426
20356 8426
20413 8426
11529 8426
2535 8426
1778 8426
10456 8426
15739 8426
20621 17706
951 17706
13750 17706
14049 17706
14526 17706
17706 17706
17701 17706
19386 17706
9036 17706
8724 16038
18315 16038
7760 16038
22145 16038
8993 15455
18462 15455
12876 12876
19855 12876
8298 12876
22145 12876
16107 11677
12520 11677
2760 14049
2072 14049
6469 14049
8993 14049
7797 14049
9193 14049
5295 14049
328 14049
19191 14049
19855 14049
1077 14049
17706 14049
11288 14049
951 14049
6603 14049
14973 14049
1949 14049
18603 11494
21994 11494
19855 11494
21877 11494
3212 11494
18448 11494
8808 11494
8809 11494
2622 11494
3527 11494
15529 11494
19175 11494
16843 11494
16099 11494
12520 11494
13587 11494
13827 13358
19308 13358
19868 14369
1195 14369
17588 14369
15729 14369
6259 14369
4237 14369
14973 14369
2391 14369
6005 14369
21450 14369
19191 14369
4820 14369
15669 14369
1720 14369
21963 14369
13750 14369
17128 11825
19495 11825
1760 11825
8993 16219
2072 21909
11288 21909
5019 21909
10137 21909
1104 16114
12151 16114
6259 16114
18448 16114
8993 16114
2861 16114
3239 1473
19191 7251
2034 7251
17128 7251
2072 5295
18279 5295
6259 5295
9193 5295
17451 5295
8993 5295
14049 5295
14860 5295
9105 6579
3998 6579
8993 6579
19650 6579
13534 6579
19855 6579
14697 6579
6178 6579
8809 6579
20462 6579
11080 6579
7855 6579
2328 6579
460 6579
21492 6579
12151 5167
14659 5167
7256 8039
8664 21716
19936 21716
4334 15978
10206 15978
13827 15978
757 15978
3314 15978
10029 15978
17097 15978
1104 21310
8993 21310
13521 21310
12407 21310
22138 21310
8086 3157
10737 3157
2072 3157
133 8082
8155 11528
22138 11528
2339 11528
19308 11528
308 11528
16670 11528
9809 11528
21715 2339
11528 2339
15609 2339
21104 2339
563 2339
9192 2339
22145 2339
13587 2339
9809 2339
11109 2339
1182 17331
17061 12834
10823 12834
8055 9198
19191 391
17871 2104
18462 2104
17174 2104
15886 2104
18787 21963
19191 21963
13750 21963
14369 21963
16107 21963
12088 21963
18725 16059
5019 322
7737 322
1077 322
10681 19650
5838 19650
22095 19650
6579 19650
3390 19650
1576 19650
11677 19650
2858 19650
2328 19650
8055 19650
21083 19650
20910 19650
9809 19650
18758 9341
1888 7648
563 11201
20825 3527
11036 3527
11804 3527
21404 14322
9193 328
2072 328
14860 328
14049 328
8049 4826
4252 4826
4334 2899
9809 2899
10206 3830
1816 3830
15763 3830
11684 3830
143 3830
8402 3830
5191 3830
3520 3830
4238 3830
17318 3830
13903 3830
17743 3830
5454 3830
17174 3830
6170 3830
5025 3830
2535 3830
15971 3830
20462 3830
10029 3830
10609 3830
7304 3830
22145 12954
3957 14098
1715 14098
12342 14098
14526 14098
9039 14098
2034 14098
19950 14098
20727 14098
11639 14098
13571 14098
15591 14098
133 14098
8086 14098
21165 14098
15763 4548
20973 4548
18028 4548
8614 18153
18463 18153
3507 18592
20599 18592
20048 10558
9919 10558
8884 10558
17000 10558
9005 1888
17613 1888
18468 1888
7648 1888
14876 1888
22145 7796
9809 7796
1400 6123
14616 6123
3509 6123
15077 6123
7304 6123
14049 1949
21827 1949
1943 1949
1182 1949
18220 14357
11061 14357
7773 8485
18725 15372
13451 15372
12692 15372
5665 13123
2535 13123
16472 1182
1949 1182
7363 1182
14659 1182
1248 1182
22078 1182
16059 22123
19191 22123
9805 10842
19855 10842
10159 10842
2072 8751
8751 8751
20621 8751
14104 14616
6123 14616
10289 8197
18725 8197
6809 8197
11678 17914
12632 17914
755 17914
9222 13740
17164 17835
53 6012
1452 6012
17101 6012
17160 6012
20954 6012
18163 6012
1194 6012
3212 6012
14814 6012
7408 6012
16539 6012
5191 6012
4459 6012
2124 6012
248 6012
5454 6012
20462 6012
6900 6012
10029 16307
247 16307
2781 16307
7693 614
15591 16685
2072 16685
14311 16685
8993 16685
19191 16685
18359 16685
18220 16685
9036 16685
17128 16685
11678 16685
19650 16685
8155 16685
19855 16685
15756 16685
771 16685
17613 16685
10002 16685
11494 16685
21424 16685
12632 16685
3509 16685
8809 16685
3527 16685
2535 16685
20462 16685
14432 16685
865 16685
18927 16685
3652 16685
12021 16685
21404 16685
247 16685
12245 16685
11804 16685
16586 16685
7572 16685
14744 16685
11678 7354
3547 7354
19623 7354
21469 7354
2951 12245
10558 12245
19855 12245
742 12245
4985 12245
3527 12245
2535 12245
7737 12245
1178 12245
13499 12245
2339 12245
10456 12245
22145 12245
20726 7686
22145 7686
19191 16287
19191 11764
5665 11764
18127 11764
13693 9208
8993 9208
11584 9208
13067 9208
9954 9208
1633 9208
15609 12732
1176 12732
2072 12732
18673 12732
8086 12732
11288 12732
19191 11890
20962 20048
2223 20048
14367 20048
9259 20048
21932 7186
5369 7186
9036 7186
8609 16504
10737 655
3927 655
18721 655
21780 655
259 21424
2729 21424
8808 21424
8809 21424
247 21424
14895 21424
11678 16454
815 8693
18721 8693
4283 8693
13327 8693
17736 8693
108 8693
7354 9819
21994 4032
1943 4032
22137 4032
14322 4032
3387 4032
2564 4032
305 4032
9809 4032
16152 4459
20621 16040
53 16110
8259 16110
5435 16110
5191 16110
715 16110
8475 16110
299 2857
13858 2857
10681 2857
20799 2857
21104 2857
12520 2857
2564 2857
2072 966
19191 966
15609 966
21104 966
1912 966
11454 966
13587 966
1710 966
2654 11109
21104 11109
2339 11109
16771 11109
6281 11109
1122 11109
21409 2679
21286 2679
603 2679
612 2679
14368 2679
1589 2679
8033 2679
11137 2679
18121 2679
18029 2679
17628 2679
6783 2679
5454 2679
10029 2679
15802 2679
3278 4743
17000 4743
22057 4743
16107 22137
9800 22137
19650 22137
1589 22137
2564 22137
4032 22137
16387 9150
768 9150
16653 9150
11317 9150
666 9150
18618 9150
10240 9150
248 9150
6122 9150
15208 9150
18594 9150
20390 9150
15834 1487
11529 1487
7374 1487
21599 1663
19967 1663
2339 1663
8298 1476
757 2527
10240 2527
17038 2527
12245 2527
2679 15802
225 15802
17128 1313
3957 1313
4334 1313
16880 1313
8053 1313
19855 1313
14326 1313
16653 1313
742 1313
743 1313
5191 1313
2458 1313
14498 1313
18448 1313
2729 1313
3521 1313
3584 1313
13558 1313
8809 1313
21404 1313
1122 1313
966 21104
2861 21104
2857 21104
1576 21104
21602 21104
2339 21104
9192 21104
7745 21104
11109 21104
2240 248
16152 248
14814 248
4238 248
10240 248
1308 248
8809 248
5454 248
6170 248
3652 248
3973 1212
18528 1212
10092 1212
11110 1212
133 1212
13858 1212
22145 1212
120 1187
17101 1187
3498 1187
19386 7281
19950 21146
14098 21146
1992 21146
17400 13534
1805 13534
13535 13534
791 13534
21286 13534
6027 13534
20048 13534
5665 13534
9734 13534
10206 13534
648 13534
386 13534
20962 13534
19499 13534
8053 13534
16902 13534
16152 13534
17061 13534
17586 13534
14367 13534
17174 13534
18468 13534
20462 13534
10029 13534
15825 13534
1065 13534
22145 13534
9809 13534
2527 1590
8993 1992
14526 1992
3157 1992
12339 1992
14860 1992
6259 1992
8086 1992
3957 1992
18787 1992
8975 1992
1104 1992
18725 2398
4150 18926
603 18926
8602 18926
1589 18926
17586 18926
21076 18926
20462 18926
12245 18926
2813 18926
18462 28
243 28
21469 28
7672 559
17586 2788
18213 2788
15800 2788
21469 1330
9613 14876
16993 715
10096 473
2777 473
10002 473
17834 473
3830 473
6771 473
8809 473
21826 9943
11804 1994
18725 1994
18462 17014
18725 17014
2339 2168
21293 12915
8868 6122
1576 6122
17000 110
8975 110
2705 18988
2169 1633
15834 1633
3296 1633
1182 1633
7325 1633
14432 1633
2339 1633
12520 1633
5420 1633
18463 1633
22145 1633
9809 1633
2679 11137
4985 11137
22145 11137
1943 2455
8809 2455
22145 7710
1957 9405
22145 777
18542 5810
10541 5810
1308 5810
20203 136
5454 2124
22145 17572
21062 1793
10029 1793
1104 9612
2378 743
17061 743
7256 743
1036 743
18121 743
7408 743
5454 743
22145 743
9809 743
11061 1556
18121 2432
3314 2432
8259 600
13468 254
20141 254
16670 254
18787 120
1187 120
1816 873
17061 873
3412 484
7737 17614
11061 17614
11288 17614
4150 17614
5457 17614
6150 17614
2564 17614
18725 2242
18725 2456
22145 2456
10159 755
1452 755
8055 755
12407 755
8993 3295
3386 3295
9807 3295
7357 3295
757 3295
20660 3295
8298 3295
15529 3295
21505 3295
15500 2654
13947 2654
11109 2654
8729 2654
11528 308
5252 14294
791 14294
19650 14294
12569 14294
8602 14294
2679 14294
10073 14294
10625 14294
9699 14294
815 14294
18029 14294
248 14294
2455 14294
18 14294
7737 14294
16843 14294
4917 1890
3547 1244
17586 1244
8809 1244
20462 1244
8768 1244
1589 1113
10963 9938
5369 12692
2861 12692
2065 12692
859 6760
11288 5887
16773 18937
1992 18937
8086 18610
12732 15609
2072 15609
966 15609
1077 15609
19909 15609
3504 15609
3212 15609
1943 15609
18462 15609
20275 15609
2339 15609
10531 15609
12520 15609
22145 15609
4071 4383
2072 4383
18673 4383
5369 6027
6353 6027
20048 6027
18702 6027
20910 6027
1816 14326
18542 14326
1949 9036
5420 9036
5369 9036
7186 9036
9341 9036
10096 5838
21803 5838
8975 5838
16843 5838
13422 5838
22145 5838
10737 21893
11248 21893
14860 21893
21077 21893
11061 21893
2236 12806
20233 15230
1715 7467
16107 7467
1994 7467
10040 7467
13587 7467
13067 12168
4808 12168
1715 11639
14526 11639
12342 11639
7693 11639
14098 11639
19950 11639
15801 789
8889 789
7467 15236
16559 15236
10137 18606
19704 19303
8993 19303
19650 4806
12646 4806
18514 4806
18792 4806
757 4806
18702 4806
8475 4806
4526 4806
8344 4806
8875 4806
19191 2495
12363 2495
6603 11751
12540 11751
14294 11751
17196 11751
13995 11751
18468 11751
6571 11751
10159 11751
1182 11751
1144 11751
18492 11751
5838 198
18725 198
9809 198
8602 16706
17061 16706
16762 16706
20585 16706
3296 10159
755 10159
21715 10159
1943 10159
12336 10159
18725 10159
20726 10159
9809 10159
21085 9766
10681 6281
2455 6281
1576 6281
13327 6281
15609 6281
22145 6281
20433 6281
18476 6281
12088 11092
20737 21168
11366 19292
53 8344
15452 8344
14814 8344
3652 8344
4806 8344
21076 1395
5454 1395
15729 18359
18866 18359
9718 18359
19855 18359
4474 18359
18725 18359
18462 21569
6502 4610
22078 2564
3051 14659
3737 14659
5167 14659
1943 14659
10681 14659
14616 14659
15591 14659
17038 14659
4252 14659
18935 14659
10531 14659
8055 14659
123 14659
4464 14659
10040 14659
22145 14659
16059 14659
9809 14659
4905 14659
4711 14659
9389 14659
16107 18421
7037 18421
9809 896
4623 6603
10289 6603
19191 17941
5019 21955
19191 21955
11288 21955
110 10599
15157 10599
2729 10599
21665 19191
13615 19191
20621 19191
2072 19191
14369 19191
10737 19191
21955 19191
16107 19191
16287 19191
15073 12794
17000 12794
20145 12794
6514 12794
7760 12794
21188 17161
6005 17161
4150 17161
14687 17161
21307 17161
923 10403
11804 10403
5838 21803
110 21803
15283 21803
8808 21803
19936 21803
20939 21803
8884 19308
12632 19308
11528 19308
10125 19308
2142 17129
181 17129
7737 17129
9809 17129
17161 21188
14687 21188
21307 21188
15041 21188
17061 18721
3927 18721
10335 18721
14102 18721
655 18721
17728 18721
2339 18721
123 18721
2011 18721
22145 18721
15790 11678
15489 11678
1036 11678
17586 11678
8809 11678
18324 11678
1580 11678
12167 18503
1593 18503
19797 17212
9192 17212
18866 9193
2072 9193
9187 9193
11061 9193
18220 9193
14860 9193
17588 9193
14049 9193
8993 17770
19313 17770
19191 17770
8602 12398
3708 10409
1715 10409
16880 10409
15477 10409
11092 12088
10737 12088
18127 12088
8298 12088
22138 12088
3652 12088
1187 12088
609 12088
10456 12088
22145 12088
13587 12088
13325 46
12632 46
21715 10865
12101 10865
5552 10865
12331 10865
17926 15077
6123 15077
9829 13827
20817 13827
15609 13827
22145 13827
19191 3313
15283 3313
4985 3313
10456 3313
8993 11414
1452 11414
20758 11414
264 11414
21720 11414
1036 11414
584 11414
12632 11414
20973 11414
12306 11414
11974 11414
18193 11414
4283 11414
2339 11414
603 15529
264 15529
11494 15529
18528 15529
15892 14378
17926 22138
18927 22138
19191 8656
689 21523
2320 18121
743 18121
7408 18121
12331 18121
13188 18121
3773 18121
22145 18121
13858 865
603 865
8809 865
11454 865
1303 865
9809 865
15886 865
18462 19706
1452 4985
19855 4985
15489 4985
9807 4985
18127 4985
11137 4985
5191 4985
10002 4985
2073 4985
2702 4985
757 4985
12632 4985
20665 4985
8808 4985
3313 4985
18193 4985
18927 4985
12021 4985
21404 4985
22145 4985
9389 4985
1182 4985
4334 20817
14368 20817
20758 20817
1641 20817
396 20817
14498 20817
17586 20817
13193 20817
942 20817
609 20817
9809 20817
6034 3509
1452 3509
17926 3509
3504 3509
264 3509
651 3509
1416 3509
15489 3509
13325 3509
3212 3509
1036 3509
2509 3509
14498 3509
10504 3509
942 3509
13911 3509
5383 3509
20665 3509
3390 3509
20973 3509
18997 3509
19920 3509
22138 3509
16992 3509
11974 3509
13058 3509
15077 3509
20245 3509
8475 3509
9969 3509
12802 3509
16569 3509
15529 3509
3652 3509
17481 3509
3205 3509
21494 3509
8344 3509
13358 3509
13885 3509
17821 3509
11804 3509
11677 3509
20045 3509
8061 3509
563 3509
12621 3509
20746 3509
14322 3509
9869 3509
10257 3509
13858 3509
9761 3509
2564 3509
10881 3509
7209 3509
2242 3509
1303 3509
9809 3509
9411 3509
12825 3509
9389 3509
3498 3509
1182 3509
6514 18106
7282 18106
264 18106
8155 18106
13534 18106
648 18106
15554 18106
7068 18106
2679 18106
3295 18106
2857 18106
3830 18106
8808 18106
1890 18106
1888 18106
14536 18106
859 18106
1079 18106
8061 18106
7796 18106
10981 18106
3504 13704
3205 13704
13885 13704
13858 13704
19191 3500
5771 8030
20233 13058
14659 13058
18528 13058
3657 13058
20245 13058
2231 13058
17038 13058
1248 3174
3744 18255
5025 18255
2857 13858
18603 13858
865 13858
1212 13858
1816 3584
651 3584
18618 3584
19827 3584
4776 3584
9203 3584
248 3584
8289 3584
2034 19827
3830 19827
3584 19827
5383 19827
19681 19827
4297 19827
2339 19827
22145 19827
3498 19827
6353 18495
10971 12802
9711 17234
7297 17234
15591 2503
11804 2503
22137 2503
8875 2503
9613 15756
18193 15756
3652 15756
3205 15756
12021 15756
20758 18028
13845 18028
11974 18028
18193 18028
702 18028
19780 18028
4548 18028
4985 12021
18193 12021
22145 10782
4985 19466
3652 19466
21599 14432
20758 11317
16152 11317
9807 11317
11072 11317
14740 11317
10504 11317
13911 11317
2971 11317
18592 11317
3507 11317
11712 11317
9198 11317
15073 3031
16843 3031
2339 3031
651 13903
4238 13903
17318 13903
248 13903
14367 13903
3744 13903
13885 13903
10681 1990
20597 1990
13858 8135
13587 8135
13324 8135
13704 13885
14659 20973
20665 20973
12306 20973
9327 20973
18193 20973
10950 20973
20799 20973
22145 20973
4334 5191
143 5191
20758 5191
666 5191
4985 5191
7256 5191
18127 5191
1194 5191
13325 5191
19827 5191
3212 5191
18121 5191
10002 5191
4150 5191
757 5191
248 5191
8298 5191
17174 5191
1313 5191
16110 5191
28 5191
22145 5191
9583 17630
11288 17630
17588 16229
2072 16229
17630 16229
10737 16229
21955 16229
16880 16229
19191 16229
2340 16229
20289 16229
19313 16229
4237 16229
11288 16229
4820 16229
7737 16229
11850 16229
8426 16229
6603 16229
21245 16229
12406 16229
13079 16229
9105 16229
20203 16229
16849 16229
5284 16229
11080 16229
17919 16229
8993 16229
12507 16229
15803 16229
18787 16229
9613 16229
21286 16229
18492 16229
9005 16229
8155 16229
17101 16229
1720 16229
11062 16229
15489 16229
18806 16229
11137 16229
757 16229
6579 16229
8808 16229
8298 16229
12398 16229
8975 16229
12245 16229
1038 16229
19242 16229
21492 16229
22145 16229
8284 16229
8722 16229
9883 16229
9809 16229
6259 16229
16114 16229
1036 15591
2072 19313
8993 19313
17770 19313
21245 19313
19191 19313
4237 19313
11288 19313
1720 19313
8975 19313
53 9281
13534 9281
15157 9281
17061 9281
17586 9281
18213 9281
14367 9281
20462 9281
10029 9281
2339 9281
1450 9281
22145 9281
7334 9281
9809 9281
12026 12520
2857 12520
11677 12520
18725 12520
18462 12266
9406 12266
21994 8875
5665 8875
4806 8875
6244 8875
2503 8875
11849 8875
9809 8875
6259 9105
16229 9105
6579 9105
5457 11080
6259 11080
10029 11080
16480 11080
17128 18954
2679 18954
4181 18954
7737 18954
4999 5284
3527 5284
19292 5284
4150 5284
8602 771
18806 771
5454 771
3462 771
12520 771
11454 771
12168 4808
7672 4808
7737 11887
5710 11887
2760 11887
21909 11887
4820 11887
11061 11887
18866 11887
11288 11887
3833 11887
19950 12342
8993 12342
1715 12342
19670 12342
11639 12342
14098 12342
21700 12342
3957 12342
13935 19936
6603 19936
17613 19936
21803 19936
21404 19936
1038 19936
19191 18468
6344 18468
13534 18468
18462 18468
18462 1723
2339 1723
22145 1723
9809 1723
9281 15157
16152 15157
10737 7893
9211 7893
5710 7893
2072 7893
14526 7893
8993 15453
2034 15453
21700 15453
15452 15453
7737 15453
10456 15453
16670 15453
18492 15742
19326 15742
7840 15742
10885 15742
1187 15742
16718 15742
8768 15742
2495 15742
7085 15742
15803 15742
11751 15742
11288 10885
11281 10885
7282 10885
15742 10885
3013 10885
18725 10885
19825 10885
12540 8144
11288 8144
18866 8144
3833 8144
15742 6393
16586 6393
12520 6393
9276 6393
19191 7677
18220 7677
10289 7677
7186 7677
18725 7677
20048 1814
10206 1814
1816 1814
15283 1814
21469 1814
3314 1814
14367 1814
8818 16670
3787 16670
11528 16670
15453 16670
8426 8472
18866 8472
4659 20241
15742 20241
2754 3520
18521 18761
19191 18761
10737 20737
5710 20737
21168 20737
6285 6285
11288 6285
11849 6285
12406 6285
5710 6285
4237 6285
20655 17196
11751 17196
20233 17196
14322 17196
22145 17196
18428 17196
19191 9883
19191 12780
7737 12780
11288 7780
4820 8599
12847 8599
18866 3402
3833 3402
16107 7966
2791 7966
15453 12963
2073 20289
11504 19274
5859 19274
21700 22084
10330 21468
11061 8880
20973 10950
9327 10950
2231 10950
7737 15729
14369 15729
10929 15493
3313 15283
364 8868
8809 8868
248 19348
21864 19348
11288 13535
13534 13535
16114 19242
9005 19242
18792 19242
1113 19242
8975 19242
2495 19242
15453 19242
7737 6771
19191 4096
15833 15833
13313 14556
8602 14556
1036 14556
2857 14556
211 14556
20433 14556
15886 809
2281 10432
14410 15440
3671 3671
2679 9562
18396 1144
9514 1144
3498 1018
19191 15959
9954 15959
12632 15959
3390 15959
14206 15959
2049 15959
6010 15959
2328 15959
18935 15959
1994 15959
6344 2223
493 8201
1564 8201
7408 8201
4150 8201
8809 8201
8053 14368
10058 14368
17101 14368
2320 14368
2679 14368
6379 14368
19191 10681
1182 10681
17160 10681
4985 10681
168 10681
791 16406
8763 6756
8968 6756
4985 5569
14740 20462
10240 20462
10029 20462
3652 20462
22145 20462
14368 6379
3212 15834
16152 11977
17128 11977
3212 11977
2705 11977
19736 11977
1890 11977
28 11977
259 10971
1452 10971
12802 10971
2527 10240
20045 10240
22145 10240
18192 4380
5552 4380
20665 4380
3744 4380
20235 4380
12167 3386
3295 3386
10284 3386
603 143
1564 143
17711 143
8298 143
5454 143
21450 13698
20494 15057
1452 15057
19623 15057
12632 15057
20973 15057
11019 15057
755 15057
22138 15057
18193 15057
17174 15057
13885 15057
247 8889
1135 19111
2416 8295
10681 19872
16454 19872
2653 19872
6901 19872
16218 19872
19535 19872
2679 19872
17061 19872
12126 19872
20784 19872
1861 19872
22145 19872
424 3219
3212 314
1831 314
3212 20494
19623 20494
3973 1248
1182 1248
3174 1248
9661 1564
1816 1564
143 1564
8201 1564
14740 6826
5025 6826
1715 7693
16146 815
10029 815
16040 6809
3504 6809
14697 6809
8197 6809
14368 17736
2339 17736
563 4999
3708 15885
1715 15885
1176 15885
11639 15885
15591 15885
3157 15885
6876 15885
2072 15885
14526 15885
10737 13269
7363 13269
6900 13269
12168 13269
18725 13269
4999 13269
11288 10622
3296 10622
18503 10903
648 10903
19659 10903
1760 10903
6332 10903
7856 10903
5412 10903
2679 10903
17061 10903
3927 10903
7408 10903
2629 10903
3520 10903
2971 10903
4459 10903
2124 10903
15971 10903
9661 10903
10029 10903
15825 10903
9694 20413
5771 20413
20356 20413
4283 20413
18462 19968
20655 20655
13079 1898
7068 1898
1194 1898
22145 15877
2760 21552
1715 21552
17201 21552
2072 21552
10002 1470
756 757
8053 757
4985 757
3295 757
7315 757
8809 757
4771 757
4806 757
19936 21643
120 21643
14322 21643
20512 3780
1675 9664
18084 9664
14659 15996
11974 3273
14098 9039
18603 18428
8993 18428
4181 18428
3295 18428
2857 18428
17201 18428
11529 18428
7710 18428
2339 18428
10456 18428
9192 18428
14322 18428
12520 18428
11750 18428
1994 18428
9944 18428
16283 18428
17091 18428
14973 11463
22145 20948
2760 19704
17538 19704
19303 19704
1720 19704
18220 19704
20021 113
8053 16539
9699 16539
6012 16539
1943 16539
7408 16539
2839 16539
11503 19598
914 3702
5019 17063
21720 11391
12306 11391
16301 11391
7304 11391
4985 2305
4526 2305
10558 8884
396 8884
757 8884
19308 8884
603 8818
13327 8818
18725 8818
3957 648
10206 648
15554 648
17952 648
2899 648
1760 648
7746 648
3547 648
17061 648
6178 648
743 648
1036 648
9341 648
17586 648
4459 648
1861 648
17174 648
20462 648
10029 648
12398 648
2984 648
22145 648
15157 10463
11510 15801
12373 5886
2320 7408
1589 7408
18882 7408
3547 7408
18121 7408
4619 7408
8201 7408
1593 7408
17711 7408
1400 7408
7478 7408
15801 7408
8809 7408
9809 7408
16215 15554
19659 15554
1760 15554
1308 15554
22145 15554
11618 20844
2653 21469
9004 21469
1330 21469
10240 7256
6991 7256
22145 7256
768 18618
12026 18618
3584 18618
16762 18618
16387 18209
2839 18209
17586 18209
10029 18209
10206 18054
317 18054
19534 18054
9809 18054
16670 2328
603 2328
19855 2328
13145 2328
6579 2328
10794 2328
18725 2328
19534 2328
10323 2328
9627 16902
3369 16902
21826 16902
22145 16902
791 1459
17128 1459
506 1459
18054 1459
9435 1459
19499 1459
19659 1459
1760 1459
17061 1459
18121 1459
4459 1459
22145 1459
9809 1459
8878 15332
12373 10168
1593 7478
1977 18949
8614 2320
4623 2320
14368 2320
9699 2320
18121 2320
7408 2320
10029 2320
7631 2320
2839 6353
247 6353
22145 6353
9809 6353
20258 15002
13451 15002
20621 19909
951 19909
10289 19909
15609 19909
1077 19909
19950 20932
2760 20932
18462 22078
3296 22078
1182 22078
2072 12935
20621 12935
13728 10868
13935 7797
6469 7797
3564 7797
2760 7797
16685 7797
14049 7797
14860 7797
20621 7797
1176 7797
9193 7797
2072 7797
6005 7797
17834 7797
17835 7797
11061 7797
10790 7797
12151 18792
17000 8227
11825 19495
7408 5375
21469 5375
4770 5375
14369 19868
16678 12026
12520 12026
156 11400
13241 11400
9091 2655
19308 10125
158 14764
1816 8602
16152 8602
14620 8602
11594 8602
158 8602
10002 8602
3323 8602
13903 8602
10240 8602
3507 8602
4459 8602
12632 8602
3652 8602
10456 8602
9809 8602
17061 14882
8809 14882
2072 13899
7363 17
18462 17
143 17711
15489 17711
16107 15073
19855 15073
17000 15073
18153 15073
12794 15073
5118 15073
15073 4713
6901 11785
7760 11785
18725 6010
14659 19384
3737 19384
7797 287
11288 11584
9208 11584
11503 2086
2679 2086
19967 2086
12175 2086
4783 21127
16880 14498
14326 14498
16653 14498
16152 14498
8602 14498
20817 14498
18618 14498
18542 14498
5191 14498
13193 14498
1308 14498
15609 14498
9809 14498
14659 3737
19384 3737
21286 19659
9150 19659
1459 19659
12167 19659
8053 19659
10058 19659
15554 19659
768 19659
1760 19659
17061 19659
1036 19659
7408 19659
16565 19659
14367 19659
22145 19659
791 9734
17092 9734
1760 9734
4459 9734
22145 9734
6027 12960
7408 12960
10029 12960
8416 8664
21716 8664
11527 27
4283 27
9809 17723
10681 8053
10206 8053
20962 8053
14368 8053
10058 8053
8033 8053
757 8053
19 8053
20799 8053
10029 8053
22145 8053
791 17101
14368 17101
15073 17101
20758 17101
17061 17101
156 17101
5050 17101
16539 17101
12331 17101
4437 17101
1977 17101
1187 17101
9809 17101
10349 7428
273 7428
10058 12569
17061 12569
2063 12569
19004 2165
83 2165
14367 2165
16586 6332
10681 19499
8664 8416
5369 12646
2839 12646
13327 12646
13646 12646
14367 12101
1589 18898
1861 18898
2679 386
9982 386
22145 386
11678 13675
9734 2653
12167 2653
19495 2653
22095 2653
21469 2653
4459 2653
18163 16402
14767 13243
791 12373
17101 12373
22145 12373
18462 2020
15814 2020
16565 2020
1816 20954
6209 20954
17061 20954
6012 20954
15971 20954
3555 12528
8053 10058
14368 10058
22095 10058
12569 10058
17061 10058
4459 10058
9809 10058
4662 20653
17871 20653
1816 17061
4150 17061
248 17061
6783 17061
11804 6592
8602 12181
21661 13923
21803 13923
5002 13923
4890 16152
11317 16152
8602 16152
12331 16152
2034 16152
18592 16152
3507 16152
8809 16152
22145 16152
17061 3682
12151 15350
7408 15350
791 12167
14257 8071
15073 16904
6332 6490
3369 11594
1070 9919
8189 17952
8053 20962
20048 15908
10681 15908
10206 15908
20137 15908
1861 15908
6420 15763
15591 15763
9734 17092
9734 2929
10206 2929
21293 612
1593 21375
2084 4602
12867 21267
17129 2142
11678 19535
17835 19535
8809 19535
21267 12867
17061 2958
18462 17160
10681 17160
259 13690
133 13690
20817 13690
6178 13690
7408 13690
6170 13690
8475 13690
15529 13690
15814 4659
22145 4659
16586 5007
22095 7746
8295 17344
2165 19004
22095 11527
1589 3369
768 14571
11454 1292
3295 18806
21469 15452
20462 15452
8344 15452
777 15452
2328 15452
10456 15452
5340 15452
15453 15452
254 15452
21835 15452
16454 16177
21286 7944
7408 7944
1695 1636
314 1636
15208 1636
11804 1636
17586 3927
18324 3927
603 7680
1816 7680
16762 7680
22145 7680
15763 778
16880 16653
14326 16653
14498 16653
5810 16653
21404 16653
3787 1869
2629 651
5025 651
19825 651
8155 17926
3504 17926
12632 17926
22138 17926
20433 17926
869 17629
3174 18127
4985 18127
18603 18127
17668 18127
19681 18127
16992 18127
2104 18127
2320 9982
1589 9982
5552 9982
5360 9982
10504 9982
17174 9982
4985 9807
4201 9807
5191 13325
46 13325
19534 13325
22145 13325
9919 1070
9809 14767
19309 8259
17101 762
17061 762
8602 3827
22078 3827
7653 18769
873 10073
18806 5435
18462 2240
248 2240
7408 17523
14369 21450
14368 21450
1636 21450
18542 21450
5383 21450
5811 21450
17000 21450
16107 3050
1593 3050
16789 3050
15742 9699
19326 9699
12181 9699
9150 768
19659 768
14571 768
18618 768
22145 666
2629 2378
3547 12695
13422 12695
17061 16858
5136 6060
19551 6338
12528 3555
2679 8033
12331 18192
8298 18192
5299 18192
17728 18192
3927 1226
14038 1226
9661 1226
4283 708
9711 8139
7297 8139
1695 5383
13393 5383
3584 5383
1308 5383
22145 5383
22145 15210
3520 2754
756 7760
1450 1079
1104 1079
8993 1079
10240 1079
7760 20598
10403 923
10984 13451
9809 13451
21286 9694
13193 9694
5771 9694
20356 9694
20413 9694
19516 9694
3652 8475
8941 8475
16387 16789
3050 16789
13845 16789
3296 19175
7186 19175
3212 19175
17174 19175
12021 19175
19855 1135
17061 1135
12632 1135
15489 6485
1135 6485
20462 6485
2702 396
3652 396
11804 396
13947 396
12744 12331
17101 12331
20758 12331
16152 12331
11317 12331
11077 12331
18121 12331
18192 12331
13911 12331
3314 12331
3507 12331
1452 10348
20758 14740
11317 14740
16789 14740
9318 14740
20462 14740
6950 14740
18121 2509
12331 2509
13188 2509
17586 2509
3314 2509
22145 2509
12632 20245
20665 20245
13058 20245
17966 18193
15756 18193
4985 18193
757 18193
8501 18193
20973 18193
20799 18193
12021 18193
20233 15816
8053 20799
20973 20799
13845 20799
8809 20799
18193 20799
16301 20799
11829 9869
259 609
8602 609
15591 609
18725 18983
8889 247
14814 4776
3584 4776
1977 4776
247 4776
14616 5300
18725 5300
22145 5300
16489 5300
16059 5300
9381 17871
17835 17871
10178 17000
11678 17000
19855 17000
17914 17000
21450 17000
4459 17000
2391 17000
248 17000
8298 17000
20086 17000
1450 17000
17000 10178
9586 9805
9883 168
10681 168
865 8900
5922 8900
14368 11454
18725 12993
9809 16750
10918 15457
8259 10335
15435 10335
248 10335
19736 10335
11977 10335
17160 14814
6012 14814
8344 14814
2734 15024
108 15024
21188 4772
14687 4772
15041 4772
21188 15041
14687 15041
10984 15041
14368 17471
18652 18652
3296 6914
8993 12632
17926 12632
19855 12632
6106 12632
1135 12632
12221 12632
15077 12632
20245 12632
3652 12632
46 12632
2339 12632
19308 12632
21294 12632
7408 18882
5383 7358
12520 7358
13067 7358
8367 1334
11618 6755
2073 2069
2495 12363
1589 1861
8053 19
248 11691
18725 3749
18725 16269
6760 859
18725 13327
14777 13327
6281 13327
19650 3390
14620 3390
13327 3390
20726 3390
5552 4479
22145 793
8139 20356
5771 20356
20413 20356
19516 20356
16152 3507
11317 3507
8602 3507
9203 3507
12331 3507
13911 3507
18592 3507
19309 3507
9198 3507
9809 3507
15323 10040
7840 20453
21763 6502
15801 14687
21307 14687
3802 3521
18213 3521
2788 3521
10029 3521
12834 10823
1816 1479
4150 1479
20758 21307
21188 21307
14687 21307
22145 7989
7408 1400
2629 1400
6123 1400
7354 19623
22145 19623
20726 18214
9938 10963
2305 4526
12407 14542
13067 12190
13587 12190
2072 10002
10002 10002
10681 10002
1452 10002
8602 10002
4985 10002
15489 10002
11137 10002
2073 10002
8201 10002
4150 10002
13393 10002
757 10002
5383 10002
8809 10002
18193 10002
4283 10002
12802 10002
20462 10002
14432 10002
865 10002
12021 10002
7631 10002
11456 10002
22145 10002
9809 10002
20817 942
15489 942
18725 16849
14102 12522
18463 12522
19855 2729
21424 2729
5383 2729
12632 2729
1861 2729
18702 2729
5454 2729
21720 11974
20973 11974
12306 11974
8107 11974
15010 11974
16301 11974
13885 11974
18463 11974
7304 11974
8602 12617
19827 12617
771 12617
869 12617
18121 12617
12006 12617
9203 12617
1396 12617
18592 12617
1308 12617
5473 12617
20758 584
11317 584
17711 584
14740 584
17318 584
4238 584
18193 584
7187 584
18806 5771
15435 5771
9694 5771
20356 5771
20413 5771
15591 19920
7682 19920
13642 20194
12088 3652
15756 3652
12632 3652
8809 3652
8475 3652
4283 3652
20462 3652
8344 3652
4771 3652
2339 3652
22145 3652
13587 3652
4140 3652
17966 12306
21720 12306
11072 12306
13188 12306
19172 12306
12632 12306
20973 12306
11974 12306
18193 12306
15010 12306
7304 12306
15073 13725
18492 9005
10558 9005
7987 9005
15742 9005
1888 9005
8975 9005
9198 9005
14369 6005
8975 11062
2777 15489
11678 15489
4985 15489
17711 15489
942 15489
17174 15489
7408 4619
13058 20233
15816 20233
17196 20233
329 20233
955 20233
17588 14735
12507 14735
15886 14735
5578 17400
22145 6642
15332 8878
18725 8878
22057 8878
7251 5258
19517 5258
15609 5258
2339 5258
19825 5258
12520 5258
7711 5258
21864 5258
2258 5258
2378 2629
1400 2629
1840 2629
11528 8126
603 11804
12694 11804
1994 11804
8614 10684
18725 20687
9943 21826
18535 21826
15283 5340
5859 2961
16263 83
6579 14697
15024 2734
1990 20597
2839 5002
22145 19893
17834 11254
2041 2793
2339 11672
1416 18290
19566 8674
11416 8674
8809 8674
15801 11510
22145 11510
12336 3087
10159 753
21104 753
2791 15132
7966 2791
15132 2791
12331 20758
14740 20758
19695 20758
18725 21087
13845 702
17174 702
18028 702
20973 296
20799 296
22145 296
1943 10531
11618 10531
3973 10531
21175 10531
1943 3412
2339 10984
11317 11712
14740 11712
13911 11712
19191 15739
20400 15739
17038 15739
13096 11737
17038 21864
22057 19376
12026 16678
15591 19745
11618 19745
6353 3616
6332 16586
11288 11750
19384 11750
15803 11750
1452 11750
18787 11750
22145 11750
412 2786
10403 8809
8201 8809
2839 8809
248 8809
2455 8809
20799 8809
3652 8809
18192 17728
5299 17728
143 5454
9434 5454
2124 5454
16762 5454
8809 5454
18702 5454
20194 5454
10029 5454
22145 5454
1816 2622
11416 2622
21533 2622
20512 2622
17061 3924
2786 412
14326 18542
5810 18542
5383 18542
10541 18542
1308 18542
17061 2402
7408 2402
2788 2402
2122 13041
2281 13041
9341 18758
19584 8107
5825 8107
1695 1308
18542 1308
5810 1308
10541 1308
391 2697
9712 2697
9945 2697
1144 18396
9514 18396
9711 7297
8139 7297
18127 19681
19827 19681
4297 19681
8602 9203
18121 9203
12617 9203
12006 9203
1396 9203
3507 9203
19386 3051
14659 3051
15591 16143
10002 4150
8201 4150
17420 8968
16152 19172
17061 19172
12331 19172
18592 19172
21599 14744
1816 13188
18121 13188
18192 13188
12331 13188
18702 13188
15210 11878
11878 19149
14740 19149
2777 8898
18725 3387
22145 12096
19309 69
8809 69
3412 69
12190 69
17926 19780
13845 19780
702 19780
18028 19780
15102 452
9161 11110
11072 5922
6514 5922
3051 19386
2861 18237
18448 18237
7186 18237
18725 11700
18725 7792
18153 17441
3498 9406
14060 1371
4985 2073
21286 4858
8289 4858
11110 9161
17926 3504
3212 3504
15609 3504
6809 3504
22145 3504
9036 19569
18542 10541
5810 10541
1308 10541
22102 950
19191 13521
18462 1428
14735 12507
4238 17318
13903 17318
9809 17318
1943 6150
6514 6150
4283 2281
13041 2281
21731 19984
22145 7325
19191 9136
21468 10330
136 20203
8298 15803
15803 15803
8975 15803
18787 15803
11751 15803
14876 15803
11750 15803
15742 15803
6643 15803
18492 15803
6281 15803
2961 5859
19274 5859
4999 563
8602 21912
15877 22145
15210 22145
18463 22145
16489 22145
20588 22145
9809 22145
20844 11618
3527 11036
4623 5204
17952 7183
5454 9434
18153 8614
18702 21533
2622 21533
20512 21533
6269 21852
20086 14662
1949 17600
22145 15526
19191 6344
2223 6344
7256 5164
12646 13646
8061 11456
1816 6870
3509 6870
10092 12874
10737 16107
19191 16107
21963 16107
18462 21105
18725 13002
8402 1204
5528 1204
3157 10737
2072 10737
8086 10737
18220 10737
11061 10737
8993 10737
19191 10737
16107 10737
16773 3800
9105 6628
6603 5377
19191 5879
11974 7840
7737 9082
10240 20045
12062 5131
950 22102
11678 15790
865 1303
3029 3029
17044 17044
21147 2340
19191 2340
7737 13995
1949 1258
305 7239
14368 156
17101 156
11400 156
5019 11773
5773 5773
17834 18818
10737 3161
2072 3161
12550 3161
21803 20939
14369 17588
7737 22156
19191 4549
19704 17538
18725 18463
22145 18463
9809 18463
1176 2493
21700 2493
7797 3564
18192 12744
16229 16773
6259 16773
18603 3460
11618 6952
8086 3099
1896 21273
14003 14003
16042 9707
12509 12509
15878 15878
12847 16559
20727 12060
17128 6823
21700 6823
1425 6823
1715 6823
7467 6823
19950 6823
8993 6823
1715 19670
19950 19670
8632 8632
10137 8722
11528 8722
1182 8722
5369 18594
15886 18594
13615 1122
1452 1122
4283 1122
18725 1122
15886 1122
16152 9962
1589 17420
1036 17420
18029 17420
14740 17420
13393 17420
12326 17420
14367 17420
8968 17420
10029 17420
1122 15886
21286 17586
3927 17586
2788 17586
8763 17586
14367 17586
18324 17586
8968 17586
10029 17586
22145 17586
2839 10029
10240 10029
22145 10029
2729 18702
5454 18702
17926 20433
18927 20433
9809 20433
13324 20433
3830 11684
12617 12006
9470 12006
19376 12006
9661 2839
17038 2839
9198 19309
4985 12221
12632 12221
17101 1977
3295 1977
17668 1977
14367 1977
21404 1977
6809 1977
603 20665
4985 20665
18997 20665
20973 20665
20245 20665
869 14367
17586 14367
6123 14367
15210 14367
1831 5025
8809 5025
3744 5025
4771 5025
19920 7682
12326 2063
17420 2063
4985 21404
18660 7353
1663 19967
18927 22057
19376 22057
21104 7745
18725 7745
13587 7745
21720 7304
12306 7304
6123 7304
17101 4437
10096 21932
7186 21932
3521 18213
2788 18213
15800 18213
12021 1918
28 7567
6870 3498
18725 3498
22145 16489
15073 5118
15763 6420
2861 7334
16789 13845
702 13845
18028 13845
20799 13845
20973 9327
16569 9327
11317 13911
12331 13911
8525 22081
13587 13324
5922 11072
17420 18324
8968 18324
12306 21720
2231 21720
7304 21720
12919 7374
4985 9389
21720 2231
8809 2231
9327 2231
13058 2231
16301 2231
7304 2231
10029 19566
14367 869
12632 6106
13885 6106
7710 6106
22145 6106
2622 20512
22145 17615
18121 5552
13393 5552
19566 15613
6123 15613
757 7315
18127 17668
18725 17668
2539 18137
12306 15010
11974 15010
12331 11077
9809 11077
8139 9711
7297 9711
8475 8941
1452 7068
4771 7068
7760 20145
14060 3205
3205 14060
1371 14060
2839 9661
4985 2702
396 2702
22145 10881
156 17583
21104 21602
7408 21026
17728 5299
8809 21494
83 16263
4380 20235
7325 5354
14322 5354
18193 8501
28 18779
12835 7631
11317 2971
3507 2971
9198 2971
4238 8402
5528 8402
1204 8402
8402 5528
1204 5528
9203 1396
14740 6950
8402 4238
13903 4238
2788 4238
17743 4238
248 4238
5454 4238
5383 13393
14102 13393
18121 3773
12331 15435
5771 15435
22145 15435
3904 19047
15457 10918
18725 10918
22145 10918
9694 19516
5771 19516
20356 19516
20413 19516
13393 14102
10504 14102
20665 12741
4238 17743
5025 17743
22145 19953
18462 310
18462 21892
2833 6461
6502 21763
16301 7326
756 4886
9694 13193
2339 5358
1450 5358
22145 20588
20656 15374
22145 15374
8868 3657
9327 3657
13058 3657
9664 18084
1675 18084
9809 18084
1395 21076
22145 12554
755 8055
9198 8055
21720 16301
7326 16301
2231 16301
20799 16301
17420 12326
2063 12326
22145 8061
2084 13993
13193 1831
314 1831
5025 1831
7680 16762
18725 5815
1023 5815
8809 12261
9809 12261
2788 15800
17638 385
2998 385
10206 17501
12331 3314
11804 16718
18193 17072
702 17072
18028 17072
16301 17072
20758 9318
14740 9318
9664 1675
7840 15386
11317 20599
18592 20599
3507 20599
8107 5825
19584 5825
5825 19584
20048 9259
14616 14104
8768 4744
22081 13951
4238 17436
13903 17436
5454 17436
17606 16739
9 13947
7408 1593
7478 1593
16762 1593
22145 17638
8602 3323
18193 17966
2679 12835
7631 12835
15802 225
2622 11416
15591 3587
2984 21915
22145 21915
17586 16993
18324 16993
10029 16993
8809 943
17586 8763
6756 8763
18324 8763
815 18660
21450 18660
181 18198
10159 12336
9906 12336
3087 12336
16469 21095
314 7187
13903 3744
5025 3744
4985 17647
13947 17647
11317 10504
14102 10504
16762 10504
20665 18997
11072 16449
7326 16449
19827 4297
19681 4297
15756 13096
11737 13096
1144 9514
18396 9514
17647 9
13947 9
10 9
16739 529
2328 10794
8602 991
7408 4386
17101 5050
16762 8101
11804 21251
9 10
22145 2388
20233 329
17400 5578
11804 12694
2793 2041
20758 19695
22145 5289
22145 21080
2839 11905
21852 6269
19566 18541
15374 20656
1977 6324
20512 11238
6461 2833
