11182 2760
10179 2760
7121 2760
928 2760
15552 2760
1711 2760
2023 2760
15446 2760
2760 2760
2645 2760
557 2760
6360 2760
7087 2760
21908 2760
12407 2760
14325 2760
2023 557
15552 557
10179 557
17439 557
854 557
2645 557
15446 557
1711 557
557 557
7087 557
2760 557
19700 557
10670 557
557 2645
2760 2645
2760 1711
2645 1711
557 1711
13936 2537
15446 14268
4775 14268
15446 11365
2023 15446
15552 15446
2760 15446
557 15446
2023 854
557 854
557 7087
5813 13936
14325 13936
2537 13936
2023 15552
2760 15552
15446 15552
13936 14325
7547 17331
557 19700
2023 10179
11182 10179
15552 10179
2760 10179
557 10179
21511 7382
17743 21278
2023 2354
11131 8523
13936 5813
21278 17743
