2318 6876
12567 6876
19482 6876
1853 6876
2023 6876
2017 6876
19394 6876
7088 6876
11938 6876
11697 6876
21935 6876
2116 6876
2095 6876
2452 6876
11937 6876
1645 6876
133 6876
2974 6876
2034 6876
1711 6876
19486 6876
1464 6876
854 6876
4383 6876
907 6876
944 6876
2072 6876
1542 6876
15698 6876
505 6876
2145 6876
13038 6876
4555 6876
13378 6876
21066 6876
1176 6876
21700 6876
2624 6876
11266 6876
4233 6876
3373 6876
3129 6876
9597 6876
20289 6876
8689 6876
557 6876
21094 6876
796 6876
2645 6876
15393 6876
2132 6876
18220 6876
4432 6876
9608 6876
20152 6876
2760 6876
17764 6876
4762 6876
14323 6876
18762 6876
10258 6876
17050 6876
5254 6876
1342 6876
17667 6876
18840 6876
18528 6876
7941 6876
19481 6876
22056 6876
1558 6876
21542 6876
19386 6876
5859 6876
9706 6876
10138 6876
6196 6876
2727 6876
19136 6876
2425 6876
12290 6876
16880 6876
16059 6876
879 6876
11751 6876
19267 6876
4123 6876
12597 6876
14434 6876
9818 6876
18179 6876
757 6876
16686 6876
9822 6876
16029 6876
13568 6876
8298 6876
7674 6876
9222 6876
12021 6876
15866 6876
12520 6876
17091 6876
1715 2760
12567 2760
13508 2760
19486 2760
1927 2760
21565 2760
2095 2760
10757 2760
133 2760
2452 2760
2660 2760
1464 2760
2618 2760
7121 2760
17694 2760
2034 2760
10968 2760
6143 2760
8816 2760
13893 2760
944 2760
11596 2760
4383 2760
5168 2760
1711 2760
17012 2760
2023 2760
4539 2760
17249 2760
11530 2760
15083 2760
14234 2760
6876 2760
19790 2760
1645 2760
1853 2760
20477 2760
15566 2760
15698 2760
20142 2760
20043 2760
6707 2760
505 2760
21133 2760
4971 2760
13038 2760
7088 2760
2523 2760
4579 2760
21700 2760
21066 2760
9555 2760
2266 2760
172 2760
9193 2760
10790 2760
11591 2760
14049 2760
2883 2760
11677 2760
11266 2760
14051 2760
5074 2760
16761 2760
4233 2760
19711 2760
1755 2760
2760 2760
22123 2760
20289 2760
1176 2760
3129 2760
3981 2760
3213 2760
2624 2760
21094 2760
283 2760
3232 2760
907 2760
9597 2760
15393 2760
1542 2760
2645 2760
1944 2760
17050 2760
557 2760
19482 2760
16188 2760
18403 2760
2425 2760
6875 2760
9608 2760
5876 2760
14433 2760
1120 2760
19041 2760
13222 2760
18220 2760
11937 2760
19714 2760
2738 2760
15685 2760
11669 2760
17764 2760
2331 2760
9222 2760
2072 2760
10258 2760
20408 2760
7846 2760
8218 2760
12449 2760
19481 2760
2075 2760
18259 2760
18725 2760
7806 2760
1558 2760
14640 2760
15002 2760
1145 2760
2494 2760
16361 2760
10210 2760
11313 2760
2135 2760
20772 2760
16881 2760
7582 2760
16749 2760
21908 2760
16880 2760
4492 2760
19386 2760
21542 2760
3527 2760
21099 2760
879 2760
4503 2760
3514 2760
3558 2760
17667 2760
15834 2760
12947 2760
3373 2760
4432 2760
11850 2760
6144 2760
17216 2760
21310 2760
12290 2760
250 2760
12407 2760
11017 2760
64 2760
3923 2760
2104 2760
5254 2760
21420 2760
10551 2760
20511 2760
15405 2760
3796 2760
2318 2760
15818 2760
9706 2760
5594 2760
11427 2760
2742 2760
19855 2760
3802 2760
14325 2760
14158 2760
3883 2760
7352 2760
70 2760
19468 2760
755 2760
2117 2760
17717 2760
14312 2760
9367 2760
796 2760
17300 2760
14154 2760
12452 2760
21302 2760
347 2760
16088 2760
6875 18220
2017 18220
796 18220
2023 18220
1691 18220
3373 18220
64 18220
5254 18220
18403 18220
2079 18220
117 18220
9193 18220
4233 18220
1853 18220
14539 18220
11677 18220
2072 18220
19531 18220
488 18220
505 18220
15573 18220
19482 18220
21955 18220
21066 18220
3213 18220
7088 18220
1342 18220
7677 18220
4123 18220
2645 18220
9546 18220
11591 18220
2742 18220
557 18220
11721 18220
2425 18220
2760 18220
2266 18220
2523 18220
20171 18220
12947 18220
1715 557
2023 557
12567 557
1853 557
4555 557
13508 557
21700 557
1645 557
133 557
11697 557
2285 557
1464 557
6781 557
20728 557
10968 557
1473 557
17012 557
17447 557
11530 557
9818 557
15083 557
21133 557
64 557
12532 557
17799 557
4579 557
21955 557
3981 557
14049 557
11677 557
2624 557
505 557
16986 557
488 557
3129 557
3373 557
347 557
21094 557
70 557
1176 557
854 557
2034 557
9597 557
6876 557
20289 557
5277 557
1691 557
2645 557
754 557
4762 557
1542 557
1711 557
4432 557
9608 557
19482 557
16188 557
2266 557
16088 557
18220 557
4503 557
18840 557
11777 557
16881 557
19481 557
11937 557
907 557
18403 557
6875 557
14433 557
8886 557
2742 557
557 557
12947 557
796 557
2072 557
20408 557
20511 557
2135 557
10408 557
17050 557
19558 557
3908 557
5254 557
14686 557
13191 557
16743 557
2760 557
18528 557
17764 557
2523 557
6514 557
7941 557
7352 557
193 557
878 557
11443 557
879 557
12522 557
18725 557
15405 557
12451 557
1425 2742
4173 2742
1715 2742
14325 2742
15393 2742
1853 2742
2318 2742
11697 2742
1927 2742
12038 2742
10757 2742
21565 2742
9222 2742
5813 2742
1645 2742
133 2742
19486 2742
944 2742
12567 2742
6681 2742
1464 2742
2023 2742
15698 2742
6143 2742
2452 2742
5168 2742
1153 2742
17694 2742
17012 2742
1711 2742
1542 2742
17249 2742
19790 2742
20142 2742
1691 2742
21094 2742
1176 2742
21133 2742
11677 2742
13568 2742
9193 2742
2116 2742
64 2742
7716 2742
6707 2742
19631 2742
4233 2742
16085 2742
13591 2742
347 2742
505 2742
2072 2742
20289 2742
9597 2742
3129 2742
3981 2742
3213 2742
2624 2742
6196 2742
7487 2742
11427 2742
11924 2742
18220 2742
19482 2742
16188 2742
2266 2742
10658 2742
557 2742
20171 2742
14049 2742
7582 2742
18403 2742
2425 2742
8218 2742
5254 2742
16761 2742
19855 2742
10408 2742
15002 2742
19615 2742
1558 2742
18840 2742
10392 2742
19468 2742
17667 2742
9706 2742
12947 2742
12290 2742
3796 2742
11751 2742
16880 2742
2760 2742
19481 2742
16565 2742
20021 2742
16519 2742
10056 2742
15455 2742
21897 2742
17489 2742
3908 2742
796 2742
7941 2742
5876 2742
13508 752
480 752
1715 752
2318 752
1425 752
2270 752
2023 752
1701 752
21186 752
2017 752
12038 752
10961 752
11938 752
11697 752
1464 752
19481 752
944 752
17667 752
2079 752
1176 752
15698 752
1645 752
18158 752
15842 752
716 752
7088 752
64 752
17453 752
3796 752
9193 752
11266 752
18570 752
2072 752
20289 752
14220 752
10606 752
17006 752
6876 752
16880 752
2645 752
1408 752
1542 752
4503 752
1711 752
19482 752
2266 752
3463 752
5254 752
2760 752
2425 752
18220 752
907 752
557 752
14433 752
2742 752
20171 752
117 752
2523 752
480 6143
12567 6143
9597 6143
14193 6143
10409 6143
2318 6143
13508 6143
1701 6143
2017 6143
10961 6143
2827 6143
11938 6143
796 6143
19481 6143
11697 6143
21565 6143
12038 6143
8971 6143
14325 6143
1645 6143
242 6143
1715 6143
14646 6143
133 6143
2095 6143
16880 6143
19394 6143
9818 6143
1425 6143
6069 6143
1464 6143
16511 6143
2624 6143
17694 6143
7088 6143
6875 6143
1853 6143
17012 6143
5168 6143
21094 6143
2742 6143
18403 6143
1542 6143
2760 6143
1691 6143
15698 6143
20171 6143
13568 6143
17667 6143
2452 6143
1176 6143
11591 6143
64 6143
2079 6143
4383 6143
5254 6143
21875 6143
2072 6143
21186 6143
14049 6143
8218 6143
12947 6143
21542 6143
4365 6143
20408 6143
4503 6143
1248 6143
19558 6143
13882 6143
19482 6143
283 6143
1558 6143
13192 6143
2266 6143
8226 6143
15834 6143
6514 6143
878 6143
12038 21094
4268 21094
12567 21094
2023 21094
2034 21094
1711 21094
796 21094
1464 21094
1176 21094
2618 21094
9597 21094
5254 21094
6143 21094
2452 21094
2079 21094
17694 21094
9222 21094
21066 21094
5208 21094
21700 21094
2072 21094
13038 21094
1542 21094
15698 21094
8057 21094
2742 21094
5168 21094
3527 21094
172 21094
17447 21094
3373 21094
17249 21094
7716 21094
21133 21094
14539 21094
11591 21094
907 21094
16188 21094
11677 21094
10586 21094
505 21094
11721 21094
4233 21094
18403 21094
557 21094
2645 21094
4123 21094
2135 21094
2760 21094
17835 21094
10551 21094
18962 21094
6875 21094
3525 21094
10658 21094
16322 21094
16880 21094
16167 21094
17667 21094
3883 21094
17950 21094
7241 21094
11017 21094
11669 21094
971 21094
19624 21094
13151 21094
2095 2425
17824 2425
17249 2425
4233 2425
505 2425
1176 2425
15083 2425
11823 2425
10586 2425
19711 2425
2608 2425
11266 2425
19115 2425
14220 2425
3129 2425
3213 2425
21955 2425
2624 2425
2425 2425
6876 2425
7088 2425
11584 2425
1711 2425
13326 2425
13921 2425
6196 2425
3083 2425
1944 2425
2645 2425
18606 2425
1408 2425
16088 2425
19481 2425
907 2425
11937 2425
18220 2425
8713 2425
8886 2425
9716 2425
21186 2425
11612 2425
14433 2425
11669 2425
10258 2425
3232 2425
12452 2425
2331 2425
10367 2425
16188 2425
9608 2425
18403 2425
16322 2425
20171 2425
3373 2425
17593 2425
8218 2425
16986 2425
10408 2425
20408 2425
755 2425
2742 2425
15002 2425
1145 2425
1558 2425
11017 2425
14686 2425
7582 2425
13882 2425
1248 2425
1212 2425
9390 2425
5254 2425
347 2425
18528 2425
20772 2425
12290 2425
8133 2425
17216 2425
21420 2425
4503 2425
878 2425
4432 2425
3796 2425
1120 2425
1464 2425
17290 2425
117 2425
1542 2425
16880 2425
2137 2425
2760 2425
2218 2425
19855 2425
20511 2425
14325 2425
13325 2425
17434 2425
14158 2425
7548 2425
16085 2425
7352 2425
3989 2425
3524 2425
16029 2425
11117 2425
13568 2425
2946 2425
19460 2425
3180 2425
70 2425
19468 2425
9610 2425
13845 2425
9222 2425
12225 2425
6427 2425
12021 2425
3447 2425
18462 2425
3663 2425
9367 2425
10297 2425
250 2425
2135 2425
283 2425
13858 2425
18463 2425
16294 2425
3908 2425
15376 2425
10372 2425
8722 2425
7941 2425
13151 2425
19482 2425
13192 2425
12947 2425
8633 2425
2318 2072
16880 2072
1715 2072
2034 2072
13508 2072
11697 2072
796 2072
21565 2072
1645 2072
14325 2072
15698 2072
1464 2072
20171 2072
1711 2072
4383 2072
2566 2072
4173 2072
1853 2072
17012 2072
2079 2072
11530 2072
1153 2072
6143 2072
3373 2072
10658 2072
19486 2072
6875 2072
4432 2072
3981 2072
1542 2072
2624 2072
15083 2072
17694 2072
20142 2072
1691 2072
18158 2072
17667 2072
117 2072
14049 2072
64 2072
9193 2072
17453 2072
13568 2072
18403 2072
7716 2072
10586 2072
4503 2072
18220 2072
16085 2072
16188 2072
10790 2072
14539 2072
2760 2072
2266 2072
1185 2072
5254 2072
11924 2072
21094 2072
505 2072
11266 2072
1176 2072
2608 2072
19481 2072
2742 2072
19482 2072
3232 2072
2645 2072
557 2072
2870 16461
7716 16461
19848 16461
6727 16461
16160 16461
3514 16461
10096 16461
32 16461
20064 16461
14014 16461
16322 16461
14158 16461
11460 16461
695 16461
2883 2266
4579 2266
15083 2266
19482 2266
7088 2266
505 2266
2145 2266
4233 2266
1755 2266
6196 2266
9608 2266
18403 2266
1542 2266
9953 2266
20165 2266
11924 2266
7941 2266
754 2266
1248 2266
18220 2266
16188 2266
3767 2266
8713 2266
14325 2266
17050 2266
10658 2266
17593 2266
2331 2266
8218 2266
2072 2266
11669 2266
7582 2266
8945 2266
283 2266
16361 2266
1145 2266
11530 2266
9706 2266
17861 2266
21542 2266
2132 2266
16743 2266
557 2266
15685 2266
11110 2266
4432 2266
488 2266
15834 2266
2742 2266
17764 2266
12947 2266
2104 2266
21819 2266
13858 2266
13568 2266
3373 2266
2218 2266
21310 2266
9209 2266
11850 2266
1212 2266
19468 2266
12290 2266
3042 2266
21302 2266
13591 2266
3923 2266
879 2266
17216 2266
2458 2266
6875 2266
16322 2266
5254 2266
17667 2266
1120 2266
14864 2266
7548 2266
21553 2266
19481 2266
937 2266
10457 2266
18077 2266
878 2266
2225 2266
1576 2266
10551 2266
18462 2266
17782 2266
6230 2266
2135 2266
14543 2266
16294 2266
6743 2266
13975 2266
10724 2266
12529 2266
2242 2266
2558 2266
15886 2266
12407 2266
12451 2266
2072 2645
4311 2645
557 2645
19482 2645
5254 2645
11584 2645
14010 2645
7088 2645
3232 2645
1408 2645
2760 2645
283 2645
18220 2645
2425 2645
1715 7088
15698 7088
10409 7088
9597 7088
19486 7088
2017 7088
12038 7088
17560 7088
13568 7088
17012 7088
796 7088
1464 7088
19481 7088
4383 7088
6143 7088
5168 7088
21094 7088
2079 7088
10658 7088
64 7088
2072 7088
4173 7088
3796 7088
10790 7088
2266 7088
4402 7088
70 7088
2425 7088
2760 7088
5254 7088
18220 7088
1408 7088
2645 7088
16880 7088
4302 7088
19482 7088
20171 7088
14277 13509
1691 13509
17447 13509
16188 13509
16085 13509
2608 13509
488 13509
347 13509
2266 13509
11591 13509
18220 13509
70 13509
20289 13509
3129 13509
1176 13509
3232 13509
8689 13509
7088 13509
2645 13509
19020 13509
4762 13509
19412 13509
18403 13509
14010 13509
18840 13509
2425 13509
3527 13509
3514 13509
14864 13509
3558 13509
12947 13509
557 13509
5254 13509
2742 13509
4438 13509
19855 13509
742 13509
17950 13509
2857 13509
20595 13509
3989 13509
19481 13509
2888 13509
13568 13509
19663 13509
878 13509
2225 13509
2809 13509
1473 13509
7374 13509
10056 13509
193 13509
18725 13509
12520 13509
9198 13509
13858 13509
17888 13509
14543 13509
10724 13509
7941 13509
8872 13509
14272 13509
1715 19481
9597 19481
1464 19481
505 19481
6143 19481
15698 19481
17694 19481
1711 19481
20728 19481
7088 19481
1542 19481
1691 19481
19482 19481
16229 19481
17667 19481
64 19481
13568 19481
3129 19481
4233 19481
3373 19481
21186 19481
2072 19481
2645 19481
2034 19481
4762 19481
2425 19481
796 19481
14010 19481
11721 19481
20293 19481
2266 19481
18840 19481
11669 19481
18403 19481
6427 19481
20171 19481
557 19481
6875 19481
5254 19481
2318 19481
15685 19481
20772 19481
4432 19481
2760 19481
283 19481
3908 19481
2742 19481
17764 19481
172 19481
13302 19481
9972 19481
16880 19481
18127 19481
12026 19481
2857 19481
16085 19481
20595 19481
12353 19481
2275 19481
8298 19481
9222 19481
12239 19481
1576 19481
3186 19481
14433 19481
2809 19481
20289 19481
18462 19481
4903 19481
19104 19481
10056 19481
18725 19481
2135 19481
12520 19481
13858 19481
17694 21066
2608 21066
14370 21066
18359 21066
13494 21066
20088 21066
14014 21066
18220 21066
6196 21066
7062 21066
9597 21066
15393 21066
12038 5254
1176 5254
1853 5254
505 5254
6143 5254
64 5254
19486 5254
5168 5254
10586 5254
18220 5254
4173 5254
2523 5254
3796 5254
172 5254
16085 5254
10790 5254
1542 5254
2072 5254
3213 5254
2485 5254
15008 5254
70 5254
3232 5254
3981 5254
2624 5254
1408 5254
17006 5254
20171 5254
2645 5254
796 5254
6896 5254
19481 5254
2425 5254
18403 5254
21186 5254
19482 5254
19848 5254
7088 5254
10408 5254
2742 5254
259 5254
16880 5254
1212 5254
2494 5254
2218 5254
18528 5254
8133 5254
13591 5254
12947 5254
13858 5254
4432 5254
557 5254
6514 5254
17667 5254
17372 5254
7352 5254
2760 5254
19855 5254
3396 5254
14158 5254
2857 5254
5337 5254
16029 5254
13568 5254
19468 5254
878 5254
2225 5254
879 5254
18462 5254
21061 5254
10297 5254
250 5254
2266 5254
283 5254
183 5254
7941 5254
15699 5254
1715 20171
13508 20171
19486 20171
9860 20171
2318 20171
1176 20171
3373 20171
13568 20171
3981 20171
2079 20171
5168 20171
1408 20171
1853 20171
14325 20171
4173 20171
2072 20171
1542 20171
6143 20171
17694 20171
9360 20171
2618 20171
17012 20171
5254 20171
18403 20171
2742 20171
12728 20171
19481 20171
10258 20171
7088 20171
18127 20171
2425 20171
10658 20171
6427 20171
16188 20171
18220 20171
12947 20171
17667 43
19486 43
2072 43
2523 43
17249 43
9193 43
5254 43
1755 43
2266 43
12935 43
19481 43
1711 43
14010 43
1691 43
2645 43
1542 43
18220 43
9818 43
557 43
16188 43
7325 43
12452 43
2742 43
7941 43
11669 43
20408 43
19482 43
8218 43
1558 43
283 43
18462 43
11530 43
2425 43
2494 43
18725 43
6869 43
21542 43
2318 1853
1715 1853
12567 1853
3981 1853
17694 1853
2742 1853
2023 1853
13508 1853
2760 1853
21094 1853
796 1853
12038 1853
1927 1853
6143 1853
14325 1853
2079 1853
1464 1853
2624 1853
20171 1853
5254 1853
15008 1853
18403 1853
1711 1853
17667 1853
17012 1853
11924 1853
2072 1853
19482 1853
1715 17667
2095 17667
2023 17667
11697 17667
10961 17667
21935 17667
5813 17667
2079 17667
1464 17667
1711 17667
1542 17667
6143 17667
19482 17667
1853 17667
505 17667
17694 17667
2566 17667
16188 17667
1176 17667
5168 17667
2072 17667
9193 17667
18403 17667
21186 17667
19481 17667
2760 17667
1558 17667
796 17667
2742 17667
21420 17667
21094 17667
16322 17667
879 17667
17668 17667
11751 17667
2104 17667
5254 17667
6392 17667
6875 17667
1927 17667
16085 17667
10297 17667
13494 17667
2266 17667
14798 17667
3908 17667
21729 17667
7941 17667
1715 10658
796 10658
1691 10658
14325 10658
18403 10658
19486 10658
3981 10658
2072 10658
854 10658
7088 10658
17667 10658
5168 10658
2523 10658
3373 10658
2485 10658
3213 10658
8689 10658
19481 10658
21094 10658
16761 10658
9706 10658
20050 10658
16229 10658
907 10658
557 10658
20152 10658
2742 10658
2141 10658
19482 10658
21186 10658
20171 10658
8713 10658
3443 10658
11669 10658
1145 10658
15685 10658
5254 10658
2266 10658
12947 10658
3907 10658
1542 10658
2425 10658
6875 10658
7157 10658
2738 10658
9972 10658
16322 10658
4123 10658
11200 10658
16880 10658
1464 10658
2760 10658
16167 10658
3055 10658
14507 10658
1120 10658
264 10658
21045 10658
18142 10658
18618 10658
9422 10658
14158 10658
7352 10658
11415 10658
3989 10658
6466 10658
757 10658
13568 10658
9979 10658
10569 10658
6427 10658
250 10658
7941 10658
20908 10658
1464 19482
13508 19482
480 19482
1715 19482
14325 19482
14193 19482
2095 19482
12038 19482
11938 19482
1645 19482
11697 19482
17667 19482
19486 19482
944 19482
17012 19482
17694 19482
3373 19482
1853 19482
18158 19482
20142 19482
21875 19482
2116 19482
13568 19482
3796 19482
9193 19482
2266 19482
15083 19482
10586 19482
14049 19482
16085 19482
70 19482
2608 19482
2485 19482
1176 19482
21094 19482
14220 19482
18220 19482
3129 19482
3213 19482
6196 19482
14010 19482
1691 19482
1711 19482
2645 19482
1542 19482
1408 19482
11924 19482
2742 19482
4432 19482
16986 19482
14433 19482
557 19482
18403 19482
10658 19482
7716 19482
2072 19482
2760 19482
5254 19482
16188 19482
17050 19482
6143 19482
6869 19482
3908 19482
1558 19482
347 19482
117 19482
14864 19482
64 19482
9818 19482
14444 19482
2425 19482
2134 19482
8722 19482
7941 19482
10409 2079
20171 2079
17667 2079
1853 2079
2072 2079
64 2079
1153 2079
18220 2079
1176 2079
14049 2079
14370 2079
11266 2079
7716 11591
2760 11591
21094 11591
18220 11591
1715 505
2023 505
19394 505
15698 505
796 505
18158 505
2095 505
1927 505
5168 505
133 505
1711 505
1464 505
2624 505
17012 505
1153 505
21133 505
9818 505
19481 505
3981 505
6876 505
21700 505
13038 505
17667 505
19482 505
64 505
3796 505
3373 505
9193 505
17447 505
2608 505
557 505
9597 505
4233 505
16085 505
2425 505
5254 505
2266 505
1176 505
2072 505
11266 505
2760 505
18220 505
18403 505
3129 505
21094 505
2742 505
19486 64
16361 64
944 64
2079 64
2624 64
5254 64
505 64
1542 64
1691 64
2608 64
18403 64
11266 64
2072 64
18220 64
16188 64
9193 64
3796 64
2742 64
2760 64
6596 64
19482 64
2547 64
12947 64
6875 64
16322 64
16880 64
1464 64
2137 64
14507 64
16960 64
11341 64
14158 64
3883 64
7241 64
3927 64
14836 64
3179 64
3463 64
13568 64
17216 64
3019 64
9244 64
7941 64
21700 5277
796 5277
9597 5277
15393 5277
21094 5277
2072 5277
2883 5277
20152 5277
20088 5277
21186 5277
11717 5277
8689 5277
9818 5277
2760 5277
7966 5277
21066 5277
6196 5277
16612 5277
5876 5277
14323 5277
21516 5277
22088 5277
18359 5277
12947 5277
19378 5277
13699 5277
1853 11924
2742 11924
2266 11924
9193 1342
347 1342
18220 1342
2645 1342
21066 1342
16881 1342
21020 1342
2135 1342
2738 1342
7073 1342
8747 1342
14014 1342
19020 1342
12520 1342
5913 1342
1715 16880
2023 16880
10409 16880
15698 16880
2017 16880
10961 16880
21094 16880
6143 16880
2079 16880
9818 16880
1711 16880
2072 16880
5168 16880
10658 16880
20171 16880
14220 16880
3232 16880
2645 16880
907 16880
7088 16880
19482 16880
2425 16880
19848 16880
2331 16880
1473 16880
4212 16880
5254 16880
3231 16880
13858 16880
1542 16880
3796 16880
4503 16880
6875 16880
9972 16880
16322 16880
11200 16880
1464 16880
2742 16880
2760 16880
14310 16880
19855 16880
14507 16880
17219 16880
16653 16880
1120 16880
9874 16880
64 16880
3396 16880
3883 16880
11017 16880
3989 16880
14647 16880
19481 16880
3179 16880
3463 16880
16686 16880
13568 16880
19468 16880
3730 16880
11812 16880
10706 16880
9222 16880
18462 16880
9367 16880
12520 16880
2266 16880
3908 16880
7941 16880
12452 16880
2104 16880
19714 16880
347 16880
1715 1711
20171 1711
3373 1711
9706 1711
2618 1711
15698 1711
1542 1711
5254 1711
505 1711
21875 1711
64 1711
10586 1711
2624 1711
1853 1711
17694 1711
17012 1711
2760 1711
20289 1711
8614 1711
796 1711
2072 1711
2425 1711
2645 1711
20165 1711
9608 1711
17091 1711
11937 1711
16188 1711
4432 1711
2135 1711
19481 1711
19482 1711
557 1711
21186 1711
2742 1711
14640 1711
17216 1711
17667 1711
16880 1711
264 1711
2974 1711
3643 1711
1700 1711
3179 1711
16029 1711
13568 1711
937 1711
19736 1711
2275 1711
1212 1711
17717 1711
1473 1711
11530 1711
7802 1711
17593 1711
16294 1711
21310 1711
12451 1711
4268 19486
2034 19486
505 19486
3981 19486
1715 19486
2017 19486
347 19486
1176 19486
14193 19486
9597 19486
10409 19486
4173 19486
64 19486
11591 19486
20171 19486
2095 19486
13508 19486
21186 19486
16880 19486
2023 19486
10961 19486
7088 19486
15008 19486
19394 19486
14325 19486
796 19486
10757 19486
1927 19486
1645 19486
13568 19486
20142 19486
1853 19486
17667 19486
4383 19486
2079 19486
17012 19486
1542 19486
2760 19486
5254 19486
18403 19486
2072 19486
2742 19486
19482 19486
1558 19486
21819 19486
20064 19486
878 19486
1464 19486
7548 19486
20312 19486
9822 19486
12021 19486
6514 19486
12451 19486
16085 907
3796 907
2072 907
19482 907
14220 907
5254 907
2425 907
16880 907
1715 2034
19486 2034
12567 2034
15393 2034
796 2034
557 2034
13568 2034
5168 2034
133 2034
6876 2034
2079 2034
1464 2034
3981 2034
1176 2034
21094 2034
2072 2034
3373 2034
18403 2034
2760 2034
19481 2034
9597 2034
12615 2034
17717 2034
11377 2034
5876 2034
21700 17694
1715 17694
4173 17694
505 17694
15698 17694
2318 17694
12567 17694
19481 17694
2017 17694
18462 17694
13508 17694
19394 17694
10961 17694
796 17694
10757 17694
2468 17694
1464 17694
6143 17694
2618 17694
2760 17694
2452 17694
4383 17694
2079 17694
11591 17694
9360 17694
20171 17694
1711 17694
2742 17694
5168 17694
13038 17694
21066 17694
18403 17694
15083 17694
21094 17694
17667 17694
2072 17694
11530 17694
18158 17694
1691 17694
1853 17694
7121 17694
19482 17694
2485 17694
9597 17694
17694 17694
18462 2962
18725 2962
557 2962
18552 2962
19481 2962
7254 2962
6875 2962
11678 2962
2137 2962
11503 2962
16167 2962
13557 2962
21141 2962
5818 2962
11458 2962
20452 2962
9422 2962
14158 2962
8032 2962
19486 2962
3463 2962
4370 2962
757 2962
12164 2962
4764 2962
19468 2962
9610 2962
14215 2962
14863 2962
878 2962
12519 2962
3186 2962
12334 2962
4642 2962
14220 2962
11677 2962
11530 2962
4345 2962
21061 2962
760 2962
20398 2962
1863 2962
5316 2962
9198 2962
7941 2962
11944 2962
12451 2962
2425 16322
21186 16322
4735 16322
17667 16322
3767 16322
13222 16322
21020 16322
9972 16322
11200 16322
2137 16322
16167 16322
17219 16322
16653 16322
1120 16322
18142 16322
3134 16322
12528 16322
14158 16322
3883 16322
11017 16322
16085 16322
14836 16322
7352 16322
18351 16322
6466 16322
2458 16322
3179 16322
3463 16322
11669 16322
9818 16322
9141 16322
15498 16322
9097 16322
16029 16322
11812 16322
17216 16322
6123 16322
17717 16322
1849 16322
4903 16322
9868 16322
9244 16322
19104 16322
3054 16322
18220 6875
1715 6875
14325 6875
6143 6875
16085 6875
2072 6875
21094 6875
557 6875
21186 6875
14049 6875
15685 6875
19886 6875
19481 6875
14460 6875
1473 6875
16167 6875
20772 6875
2870 6875
12947 6875
16749 6875
9664 6875
3767 6875
7352 6875
16322 6875
1542 6875
11200 6875
16880 6875
11590 6875
2137 6875
2962 6875
2760 6875
3457 6875
17667 6875
14559 6875
14507 6875
16653 6875
133 6875
11458 6875
20511 6875
14158 6875
3883 6875
2857 6875
3179 6875
10118 6875
9818 6875
18179 6875
757 6875
14444 6875
8298 6875
18215 6875
10706 6875
878 6875
10551 6875
16110 6875
6427 6875
1518 6875
14014 6875
1178 6875
2809 6875
19057 6875
12652 6875
18869 6875
15455 6875
2266 6875
6514 6875
1715 2532
2095 2532
11697 2532
12038 2532
16880 2532
17667 2532
7088 2532
796 2532
2760 2532
15698 2532
133 2532
1464 2532
19486 2532
19394 2532
907 2532
13568 2532
4383 2532
2742 2532
18403 2532
64 2532
2079 2532
18220 2532
10586 2532
2072 2532
1645 4503
2095 4503
2079 4503
9347 4503
1176 4503
14049 4503
64 4503
9193 4503
4432 4503
11266 4503
18570 4503
1755 4503
2072 4503
14220 4503
1408 4503
3232 4503
2645 4503
13921 4503
1542 4503
3591 4503
8713 4503
2135 4503
7941 4503
9706 4503
21094 4503
20408 4503
6143 4503
8218 4503
15685 4503
7694 4503
10408 4503
3989 4503
2760 4503
1558 4503
879 4503
12947 4503
11946 4503
11850 4503
3179 4503
2425 4503
22056 4503
755 4503
17091 4503
17216 4503
11697 14997
796 14997
6876 14997
13568 14997
16880 14997
19486 14997
2425 14997
20171 14997
1473 14997
5254 14997
17667 14997
1853 14997
7088 14997
2079 14997
505 14997
64 14997
2742 14997
19482 14997
2072 14997
4432 7352
6875 7352
10138 7352
878 7352
18127 7352
3396 7352
14158 7352
8747 7352
12021 7352
10297 7352
13187 7352
12452 7352
15698 9222
5168 9222
796 9222
2742 9222
2079 9222
2034 9222
2072 9222
16986 9222
13949 9222
16881 9222
7325 9222
6876 9222
16110 9222
11017 9222
15376 9222
557 9222
17216 9222
1576 9222
18462 9222
264 9222
7352 9222
16322 9222
16167 9222
1711 9222
3883 9222
172 9222
19481 9222
16029 9222
2425 9222
8196 9222
13268 9222
17489 9222
3992 9222
1558 17764
21186 17764
9818 17764
3129 17764
21574 17764
18792 17764
8800 17764
18403 17764
19781 17764
15685 17764
11669 17764
7325 17764
12449 17764
20293 17764
3908 17764
19855 17764
19481 17764
879 17764
19615 17764
19378 17764
3373 17764
557 17764
13641 17764
16322 17764
2974 17764
14981 17764
2857 17764
493 17764
5337 17764
10457 17764
2117 17764
11763 17764
10392 17764
12520 17764
2266 17764
21897 17764
6743 17764
18025 17764
7941 17764
17246 17764
12451 17764
12038 21186
1927 21186
1178 21186
3981 21186
2645 21186
18403 21186
17050 21186
14325 21186
14864 21186
2225 21186
6875 21186
9972 21186
10658 21186
5254 21186
17667 21186
19855 21186
16653 21186
1120 21186
3883 21186
7548 21186
8747 21186
16029 21186
3742 21186
6427 21186
1518 21186
7374 21186
183 21186
1008 21186
17012 796
1425 796
2072 796
11697 796
13508 796
21094 796
9597 796
21133 796
11721 796
2017 796
3981 796
20142 796
10961 796
19481 796
14325 796
10757 796
2618 796
6143 796
2760 796
2116 796
18220 796
505 796
12038 796
1853 796
3373 796
19631 796
17694 796
18403 796
3213 796
5254 796
11924 796
2266 796
16188 796
1558 796
20772 796
7199 796
2135 796
14032 796
3908 796
879 796
18725 796
17667 796
19468 796
2742 796
10372 796
6024 796
19714 796
18212 2738
21420 2738
21020 2738
2974 2738
1342 2738
2072 6707
19481 6707
12487 6707
15217 6707
18403 6707
19631 6707
2608 6707
3373 6707
17447 6707
2760 6707
4579 6707
2883 6707
2742 6707
4233 6707
3129 6707
9525 6707
1464 2318
4268 2318
1853 2318
2072 2318
17694 2318
9597 2318
2023 2318
1715 2318
21565 2318
505 2318
1425 2318
2017 2318
15698 2318
10409 2318
2760 2318
13508 2318
2742 2318
796 2318
19486 2318
20171 2318
6143 2318
64 2318
2266 2318
16986 2318
19481 2318
2135 2318
14686 2318
9209 2318
11017 2318
14864 2318
13858 2318
19115 2318
1212 2318
18528 2318
7352 2318
4432 2318
879 2318
17216 2318
4926 2318
2857 2318
3847 2318
878 2318
8196 2318
17782 2318
17241 2318
10056 2318
5316 2318
17888 2318
7941 2318
12452 2318
12451 2318
19486 1691
11697 1691
10658 1691
944 1691
10968 1691
6143 1691
18462 1691
18220 1691
17694 1691
64 1691
2742 1691
2072 1691
17249 1691
14668 1691
3373 1691
15083 1691
19482 1691
505 1691
8614 1691
4762 1691
9818 1691
2645 1691
14010 1691
13222 1691
11591 1691
771 1691
14647 1691
757 1691
2072 754
5254 754
2645 754
6142 754
19481 754
11937 754
16880 754
18606 754
20165 754
2425 754
4123 754
9771 754
2266 754
9716 754
557 754
19848 754
2760 754
19378 754
7582 754
17717 754
2809 754
9972 754
16322 754
9422 754
7241 754
2857 754
9818 754
20343 754
11375 754
4789 754
4908 754
18968 754
14319 754
17668 754
11541 754
5528 754
13913 754
937 754
3820 754
755 754
5415 754
12239 754
16749 754
1518 754
20289 754
4903 754
19104 754
183 754
18463 754
12567 18403
1715 18403
4268 18403
15393 18403
13508 18403
2023 18403
10961 18403
9904 18403
11697 18403
796 18403
10757 18403
1645 18403
14325 18403
16511 18403
1464 18403
1853 18403
6143 18403
10586 18403
8689 18403
17012 18403
17694 18403
1542 18403
16761 18403
7121 18403
64 18403
5168 18403
21133 18403
17667 18403
9193 18403
13568 18403
18220 18403
4579 18403
3981 18403
6707 18403
16085 18403
18679 18403
1176 18403
8073 18403
505 18403
70 18403
2485 18403
2072 18403
5628 18403
2608 18403
21955 18403
4233 18403
21094 18403
3373 18403
2624 18403
12780 18403
3129 18403
9597 18403
20728 18403
20289 18403
21186 18403
4762 18403
283 18403
6196 18403
2645 18403
2266 18403
19481 18403
557 18403
16188 18403
11721 18403
16361 18403
4432 18403
20171 18403
3396 18403
5254 18403
17764 18403
19482 18403
2760 18403
2425 18403
2742 18403
12947 18403
7157 16167
6875 16167
3525 16167
11427 16167
9972 16167
11200 16167
11678 16167
11590 16167
259 16167
11503 16167
14310 16167
3457 16167
1452 16167
19855 16167
16553 16167
20452 16167
15001 16167
9422 16167
14158 16167
8032 16167
7548 16167
2824 16167
14647 16167
19486 16167
10118 16167
18179 16167
3524 16167
16401 16167
13568 16167
19468 16167
5104 16167
6122 16167
17216 16167
14367 16167
2582 16167
3794 16167
12519 16167
20396 16167
12239 16167
3527 16167
3231 16167
1518 16167
14014 16167
1178 16167
21716 16167
19807 16167
2809 16167
15209 16167
18840 16167
2798 16167
4903 16167
1849 16167
6694 16167
9244 16167
2168 16167
18869 16167
2503 16167
4794 16167
12520 16167
7468 16167
7861 16167
14154 16167
18403 10586
1711 10586
19405 10586
16085 10586
2072 10586
4233 10586
5254 10586
19482 10586
2425 10586
18462 10586
2645 10586
347 10586
19482 4762
557 4762
2608 4762
9525 4762
505 4762
3129 4762
3373 4762
2760 4762
1691 4762
1408 4762
18403 4762
19481 4762
20293 4762
19855 4762
18462 16749
2618 16749
5168 16749
20165 16749
2624 16749
2072 16749
13345 16749
505 16749
9597 16749
2132 16749
557 16749
11972 16749
907 16749
11937 16749
19481 16749
15685 16749
17091 16749
2331 16749
16880 16749
20772 16749
10658 16749
21420 16749
4503 16749
879 16749
2893 16749
264 16749
6875 16749
117 16749
4123 16749
1542 16749
2760 16749
14310 16749
16167 16749
5818 16749
13983 16749
4555 16749
9818 16749
8747 16749
754 16749
70 16749
19468 16749
6869 16749
6311 16749
878 16749
12225 16749
1518 16749
2809 16749
2086 16749
17782 16749
16161 16749
9367 16749
16761 16749
695 16749
9244 16749
5484 16749
15455 16749
11157 16749
18428 16749
13192 16749
1715 3232
1176 3232
907 3232
64 3232
9193 3232
1755 3232
2072 3232
14220 3232
16880 3232
4503 3232
2760 3232
2645 3232
9608 3232
4432 3232
5254 3232
2523 3232
19482 3232
2425 3232
1542 11266
19405 11266
19482 11266
64 11266
10586 11266
4503 11266
17563 11266
9193 11266
5254 11266
2072 11266
505 11266
2425 11266
347 1464
13508 1464
9597 1464
1715 1464
4268 1464
10409 1464
18189 1464
19481 1464
2760 1464
21186 1464
11697 1464
16880 1464
10961 1464
12038 1464
17012 1464
796 1464
21565 1464
1176 1464
1645 1464
5254 1464
19486 1464
2072 1464
2079 1464
3373 1464
18403 1464
17667 1464
2742 1464
505 1464
17694 1464
1853 1464
6069 1464
64 1464
7088 1464
17216 1464
16653 1464
11427 1464
11200 1464
8945 1464
18142 1464
133 1464
9422 1464
5861 1464
3883 1464
996 1464
10742 1464
10320 1464
13568 1464
7694 1464
11812 1464
755 1464
10587 1464
2582 1464
3794 1464
15426 1464
12354 1464
1518 1464
16363 1464
17717 1464
18840 1464
4903 1464
4002 1464
9367 1464
9622 1464
11530 1464
2858 1464
19104 1464
10349 1464
17639 1464
7941 1464
12452 1464
2494 1464
15698 9597
6876 9597
4173 9597
4268 9597
2034 9597
13038 9597
12567 9597
21700 9597
21094 9597
1715 9597
4555 9597
6143 9597
14193 9597
18189 9597
2017 9597
17012 9597
3373 9597
1425 9597
2023 9597
2318 9597
2095 9597
19486 9597
1464 9597
13508 9597
796 9597
5254 9597
19481 9597
2618 9597
2072 9597
4383 9597
505 9597
20088 9597
6707 9597
20289 9597
15393 9597
9883 9597
2883 9597
18247 9597
4233 9597
8057 9597
2645 9597
2742 9597
3129 9597
18840 9597
15699 9597
18359 9597
12780 9597
1176 9597
17694 9597
18403 9597
7580 9597
21066 9597
8646 9597
1715 15698
13508 15698
2116 15698
2023 15698
2318 15698
19486 15698
9597 15698
2017 15698
17012 15698
505 15698
12567 15698
7088 15698
12038 15698
796 15698
11697 15698
21565 15698
19481 15698
21935 15698
17667 15698
133 15698
6876 15698
2452 15698
5254 15698
2079 15698
1464 15698
2742 15698
4555 15698
6143 15698
5168 15698
21094 15698
21700 15698
64 15698
2072 15698
1176 15698
2760 15698
1542 15698
19482 347
2742 347
16361 347
2141 347
16461 347
18725 347
12567 2608
1715 2608
18189 2608
13508 2608
9597 2608
20142 2608
2760 2608
2827 2608
10961 2608
19481 2608
16773 2608
796 2608
21066 2608
64 2608
13038 2608
14049 2608
7580 2608
2883 2608
11721 2608
3373 2608
4579 2608
3527 2608
20088 2608
6707 2608
3396 2608
505 2608
16188 2608
16085 2608
4762 2608
7089 2608
11924 2608
2072 2608
2425 2608
8689 2608
19482 2608
18403 2608
4233 2608
18725 2608
17006 6514
17091 6514
7582 6514
2135 6514
18158 6514
3908 6514
14686 6514
19386 6514
18528 6514
10138 6514
19706 6514
12164 6514
3138 6514
1715 19631
2023 19631
10961 19631
796 19631
18403 19631
5876 19631
6707 19631
21094 19631
19482 19631
2079 19631
2072 19631
2742 19631
12948 19631
944 19631
2145 19631
8646 19631
9597 19631
4797 19631
14319 19631
19714 19631
20408 19631
2132 19631
1558 19631
21542 19631
13591 19631
8816 19631
2494 19631
11751 19631
11850 19631
21302 19631
2893 19631
18725 19631
21099 19631
7941 19631
3373 2137
6875 2137
9972 2137
17764 2137
14559 2137
19855 2137
5569 2137
18142 2137
6161 2137
14158 2137
13007 2137
21803 2137
19481 2137
15021 2137
14196 2137
19613 2137
18179 2137
12164 2137
8298 2137
11812 2137
14367 2137
878 2137
971 2137
12334 2137
1473 2137
13572 2137
11377 2137
2328 2137
6886 2137
14798 2137
18463 2137
13151 2137
17216 1576
20064 1576
7352 1576
878 1576
2218 1576
9699 1576
19481 1576
14111 1576
6122 1576
10569 1576
10551 1576
10056 1576
2328 1576
250 1576
19624 1576
5530 1576
18462 8754
21020 8754
2738 8754
16322 8754
11200 8754
11678 8754
3883 8754
12564 8754
1830 8754
18792 8754
18179 8754
16686 8754
3524 8754
16029 8754
17717 8754
11677 8754
21745 8754
183 8754
21083 8754
7941 8754
755 9972
16322 9972
11200 9972
2137 9972
11503 9972
16167 9972
18142 9972
391 9972
5628 9972
14158 9972
10165 9972
20202 9972
3989 9972
18351 9972
3179 9972
3962 9972
3463 9972
10765 9972
17216 9972
14367 9972
9979 9972
878 9972
14764 9972
12021 9972
17717 9972
3054 9972
17667 2023
1715 2023
1853 2023
9597 2023
10409 2023
2270 2023
796 2023
18403 2023
3373 2023
18220 2023
2742 2023
17012 16188
19486 16188
1853 16188
19790 16188
1691 16188
17667 16188
9193 16188
64 16188
4432 16188
3373 16188
15083 16188
7716 16188
2079 16188
21955 16188
14049 16188
2608 16188
3129 16188
1755 16188
20289 16188
19481 16188
2624 16188
3213 16188
21094 16188
6196 16188
11924 16188
1711 16188
18403 16188
2266 16188
2760 16188
1264 16188
557 16188
2742 16188
12728 16188
796 16188
2072 16188
19482 16188
11643 16188
20171 16188
1715 3981
1853 3981
796 3981
21565 3981
1464 3981
20171 3981
17012 3981
1153 3981
505 3981
2072 3981
557 3981
2760 3981
1342 3981
11591 3981
15162 3981
2742 3981
2072 1178
21186 1178
9253 1178
2888 1178
16059 1178
12947 1178
10258 1178
3443 1178
1185 1178
21884 1178
2893 1178
6875 1178
22123 19020
18840 19020
347 19020
6196 19020
15393 19020
11176 19020
16361 19020
15217 19020
17667 19020
5876 19020
19468 19020
10096 19020
14014 19020
5219 19020
19855 19020
11751 19020
11750 19020
13572 19020
5861 19020
3883 19020
1830 19020
996 19020
9367 19020
1342 19020
11677 19020
11377 19020
19624 19020
8680 19020
3407 19020
12567 1176
1715 1176
13508 1176
2017 1176
20171 1176
21094 1176
2452 1176
1464 1176
1711 1176
2079 1176
6876 1176
2618 1176
5254 1176
6143 1176
2034 1176
3232 1176
2760 1176
15083 1176
19386 1176
15698 1176
17667 1176
2742 1176
19405 1176
4233 1176
17249 1176
557 1176
18403 1176
505 1176
70 1176
2072 1176
19482 1176
283 1176
9597 1176
3373 11200
3767 11200
7157 11200
17013 11200
2738 11200
9972 11200
10658 11200
16322 11200
11678 11200
3457 11200
14507 11200
3238 11200
16904 11200
10903 11200
872 11200
21535 11200
21045 11200
18142 11200
2485 11200
3134 11200
9874 11200
14325 11200
3883 11200
8033 11200
9699 11200
14836 11200
19353 11200
21768 11200
15644 11200
8747 11200
883 11200
2888 11200
18179 11200
21506 11200
10320 11200
2946 11200
3820 11200
16146 11200
3794 11200
15426 11200
3419 11200
19512 11200
12354 11200
4248 11200
6427 11200
17717 11200
4903 11200
18344 11200
18869 11200
12211 13568
21565 13568
10757 13568
1645 13568
1927 13568
2079 13568
17667 13568
20171 13568
19486 13568
19482 13568
505 13568
3981 13568
4383 13568
64 13568
18403 13568
2072 13568
16085 13568
2742 13568
5254 13568
19481 13568
12452 13568
16322 13568
1464 13568
259 13568
1711 13568
1452 13568
12996 13568
3883 13568
14647 13568
20312 13568
3179 13568
3962 13568
15685 13568
488 13568
2425 13568
878 13568
14865 13568
6427 13568
18462 13568
17782 13568
15191 13568
10297 13568
17593 13568
3054 13568
3908 13568
7941 13568
7152 13568
2618 2132
2072 2132
21700 2132
7088 2132
19631 2132
2135 2132
2218 2132
2266 2132
12452 2132
19481 2132
18722 2132
17782 2132
21310 2132
10408 3231
3796 3231
11737 3231
16167 3231
264 3231
16974 3231
16161 3231
17050 18462
1558 18462
3796 18462
13302 18462
19706 18462
19481 18462
5136 18462
12452 18462
3607 14051
4383 14433
13038 14433
505 14433
9706 14433
6514 14433
14049 14433
7941 14433
16880 14433
5254 14433
17050 14433
2425 14433
6803 14433
8951 14433
7352 14433
557 14433
9422 14433
2857 14433
19481 14433
4131 14433
4908 14433
16029 14433
13568 14433
905 14433
18775 14433
878 14433
2225 14433
8196 14433
2117 14433
3447 14433
21061 14433
4632 14433
13858 14433
18463 14433
6851 14433
12451 14433
2331 14158
16621 14158
3457 14158
1903 14158
7352 14158
10118 14158
8747 14158
18077 14158
19886 14158
8934 14158
14220 14158
11530 14158
250 14158
2503 14158
18553 14158
2318 15393
4268 15393
18403 15393
13508 15393
12567 15393
2742 15393
6876 15393
6829 15393
5277 15393
10961 15393
796 15393
1464 15393
3373 15393
2608 15393
13038 15393
2883 15393
20088 15393
9883 15393
8073 15393
9315 15393
7941 15393
2760 15393
19020 15393
21066 15393
9597 15393
18840 15393
20152 15393
20293 15393
18179 15393
2760 12290
14864 12290
2742 12290
3396 12290
2072 4432
3373 4432
15083 4432
4233 4432
17249 4432
2645 4432
17050 4432
18403 4432
18528 4432
14864 4432
8133 4432
13858 4432
2425 4432
7352 4432
878 4432
879 4432
15818 4432
2072 969
11266 969
557 969
2425 969
3373 969
14647 969
20312 969
8747 969
19613 969
16029 969
488 969
6123 969
18462 969
19104 969
14798 969
12452 969
16322 21020
21020 21020
2738 21020
19855 21020
14158 21020
12026 21020
1830 21020
9818 21020
16029 21020
19172 21020
7694 21020
6244 21020
446 21020
12165 21020
9597 3373
12567 3373
2023 3373
19394 3373
18220 3373
796 3373
10757 3373
21133 3373
2760 3373
20171 3373
382 3373
1464 3373
505 3373
2742 3373
18403 3373
20293 3373
2135 3373
19468 3373
18201 3373
7941 3373
1715 3129
9597 3129
796 3129
4233 3129
19409 3129
6707 3129
557 3129
16188 3129
5628 3129
3373 3129
5254 3129
17764 3129
505 3129
70 3129
3981 3129
16761 3129
2072 3129
2760 3129
2485 3129
19481 3129
19482 3129
20289 3129
1176 3129
2425 3129
2742 3129
16229 3129
18403 3129
21955 4123
3981 4123
1691 4123
18220 4123
754 4123
4123 4123
2135 4123
2141 4123
19378 4123
1185 4123
12452 4123
14907 4123
2738 4123
9972 4123
10658 4123
16322 4123
11678 4123
7447 4123
11590 4123
6268 4123
11503 4123
14310 4123
1452 4123
6453 4123
3055 4123
14507 4123
12039 4123
16653 4123
742 4123
10903 4123
18142 4123
19112 4123
2974 4123
391 4123
20511 4123
11341 4123
9422 4123
12528 4123
14158 4123
8032 4123
3883 4123
1636 4123
9699 4123
13007 4123
12564 4123
10253 4123
14836 4123
19481 4123
4131 4123
12149 4123
16186 4123
3463 4123
21184 4123
11087 4123
19468 4123
11812 4123
6123 4123
2132 4123
6427 4123
17717 4123
16173 4123
9599 4123
6068 4123
1711 1542
17667 1542
20171 1542
3607 1542
5168 1542
19486 1542
15698 1542
2742 1542
18403 1542
557 1542
19482 1542
2760 1542
2072 1542
17249 1542
19405 1542
15083 1542
5254 1542
283 1542
2645 1542
9608 1542
2266 1542
12385 1542
2458 1542
6875 1542
2137 1542
742 1542
14158 1542
3883 1542
14836 1542
8999 1542
3463 1542
9818 1542
15435 1542
4789 1542
4908 1542
9822 1542
13929 1542
13971 1542
20413 1542
7694 1542
18077 1542
2425 1542
11443 1542
6123 1542
8951 1542
8198 1542
3527 1542
16749 1542
9367 1542
11377 1542
10056 1542
20405 18528
17593 18528
10138 18528
14686 18528
283 18528
13882 18528
1212 18528
2425 18528
6514 18528
13058 18528
16322 18528
1452 18528
14158 18528
20312 18528
3179 18528
15512 18528
16029 18528
12164 18528
6122 18528
13595 18528
9608 18528
2809 18528
14220 18528
1849 18528
13975 18528
12451 18528
6886 3908
2926 3908
10056 3908
21542 3908
11017 3908
11110 3908
17216 3908
11669 3908
18462 3908
20064 3908
2742 3908
21942 3908
14325 3908
18127 3908
15374 3908
13568 3908
2978 3908
878 3908
20847 3908
18463 3908
377 3908
15376 3908
16059 3908
14154 3908
12452 3908
14272 3908
7285 3908
4525 3908
10658 15398
16749 15398
20772 15398
17091 15398
9209 15398
9706 15398
18725 15398
8156 16881
15698 9818
20142 9818
10757 9818
21935 9818
11697 9818
9818 9818
6143 9818
14325 9818
17012 9818
16880 9818
11530 9818
2072 9818
17249 9818
2079 9818
11677 9818
15083 9818
505 9818
944 9818
117 9818
4233 9818
3373 9818
854 9818
12780 9818
20289 9818
1691 9818
11427 9818
13988 9818
1542 9818
16088 9818
5244 9818
15702 9818
11937 9818
5254 9818
6876 9818
10258 9818
755 9818
4432 9818
20511 9818
14686 9818
2218 9818
754 9818
16974 9818
6875 9818
21020 9818
2137 9818
19855 9818
17343 9818
8713 9818
14158 9818
16085 9818
14647 9818
2458 9818
3179 9818
18792 9818
3524 9818
9822 9818
16029 9818
19468 9818
13058 9818
9222 9818
16749 9818
10551 9818
3186 9818
13268 9818
9608 9818
1849 9818
9367 9818
10056 9818
12520 9818
283 9818
17205 9818
4525 9818
18158 19483
6869 19483
12947 19483
12407 19483
10942 19483
12290 19483
4432 19483
16322 19483
7325 19483
1636 19483
19481 19483
3463 19483
16029 19483
11530 19483
18463 19483
16612 19483
18962 16029
9972 16029
5222 16029
1464 16029
2137 16029
259 16029
1452 16029
4438 16029
8945 16029
21577 16029
1120 16029
5818 16029
3134 16029
2974 16029
11341 16029
14325 16029
147 16029
14158 16029
8032 16029
3883 16029
14981 16029
11017 16029
20202 16029
20595 16029
3989 16029
21553 16029
19481 16029
3962 16029
3463 16029
1830 16029
8747 16029
19613 16029
4908 16029
18179 16029
757 16029
16686 16029
3524 16029
11117 16029
3741 16029
10320 16029
12164 16029
21033 16029
1298 16029
6877 16029
4636 16029
3509 16029
9610 16029
13831 16029
905 16029
8298 16029
11812 16029
15685 16029
14594 16029
2225 16029
10569 16029
10551 16029
19350 16029
11051 16029
12532 16029
7261 16029
6427 16029
5087 16029
12021 16029
13595 16029
21716 16029
3447 16029
14536 16029
18462 16029
3481 16029
4903 16029
11460 16029
9244 16029
2858 16029
19104 16029
21197 16029
18869 16029
12520 16029
13858 16029
7209 16029
1008 16029
18220 2017
796 2017
18168 2017
1558 2017
10408 2017
8633 2017
11697 878
7088 878
14686 878
4492 878
14158 878
13325 878
20202 878
5337 878
13929 878
3563 878
7261 878
13151 878
12452 878
11051 9608
2645 9608
3232 9608
283 9608
12623 9608
18840 9608
16986 9608
18127 9608
2425 9608
9818 9608
4903 9608
5523 9608
13568 2624
19482 2624
1853 2624
5254 2624
11924 2624
505 2624
2072 2624
18403 2624
2266 2624
2425 2624
2742 2624
283 2624
2023 11548
8646 11548
1342 11548
11751 11548
11200 11548
18179 11548
20047 11548
4248 11548
7941 11548
2558 11548
12407 2458
3373 2458
2218 2458
16167 2458
14158 2458
11017 2458
7352 2458
3989 2458
3179 2458
3962 2458
967 2458
16029 2458
16401 2458
3741 2458
937 2458
755 2458
17216 2458
6869 2458
12225 2458
12021 2458
9608 2458
14536 2458
9367 2458
11530 2458
9244 2458
13222 2458
15873 2458
1008 2458
20293 21052
10138 21052
2218 21052
18725 21052
2023 854
1691 854
557 854
7088 854
4284 854
21935 854
2072 854
3981 854
10658 854
21998 854
3767 854
7241 854
11678 854
15108 854
18179 854
4642 854
18869 854
4539 854
13641 854
755 1452
16167 1452
11458 1452
4908 1452
3524 1452
13568 1452
11968 1452
3186 1452
13222 1452
6851 1452
1844 1452
16880 19855
14049 19855
21186 19855
2331 19855
16361 19855
2742 19855
20772 19855
9771 19855
1558 19855
7582 19855
4762 19855
12947 19855
21020 19855
16322 19855
2137 19855
2218 19855
16430 19855
8945 19855
18142 19855
18587 19855
18618 19855
9422 19855
18127 19855
10915 19855
14158 19855
3883 19855
15683 19855
14836 19855
18351 19855
3179 19855
18179 19855
16029 19855
5383 19855
3224 19855
6877 19855
10457 19855
18395 19855
11812 19855
3152 19855
3019 19855
3186 19855
19350 19855
6427 19855
10448 19855
13268 19855
17717 19855
2809 19855
14220 19855
9622 19855
11530 19855
11377 19855
2858 19855
2328 19855
10372 19855
16059 19855
22056 19855
13192 19855
8633 19855
6875 3883
16322 3883
11200 3883
11678 3883
3457 3883
14559 3883
4438 3883
2974 3883
3396 3883
12564 3883
3989 3883
3179 3883
3463 3883
8747 3883
757 3883
9097 3883
16029 3883
3741 3883
5383 3883
13568 3883
9610 3883
8298 3883
755 3883
11754 3883
5415 3883
3019 3883
14014 3883
18149 3883
13595 3883
14536 3883
7353 3883
11677 3883
21745 3883
7941 3883
8713 259
16029 259
14863 259
2727 259
10408 259
7941 259
2072 5208
2072 1425
1715 1425
19486 1425
9597 1425
796 1425
6143 1425
1645 1425
1464 1425
21186 2225
18462 2225
7352 2225
15980 2225
16029 2225
12164 2225
10457 2225
11443 2225
878 2225
2809 2225
2798 2225
193 2225
12452 2225
2738 9168
21186 17050
2135 17050
557 17050
18462 17050
12947 17050
21201 9706
20088 9706
6285 9706
14433 9706
20408 9706
18725 9706
13988 9706
19481 9706
17614 9706
6876 9706
10129 9706
319 9706
11763 9706
2266 9706
20050 9706
19855 9706
18792 9706
2742 9706
11460 9706
16161 9706
19378 9706
6196 9706
16229 9706
2141 9706
9209 9706
879 9706
16322 9706
771 9706
2760 9706
2072 70
2485 70
18403 70
5254 70
7088 70
1176 70
18201 70
18127 70
2425 70
5484 70
13975 70
14798 13829
3908 13829
9706 11503
6527 11503
11763 11503
2328 11503
14291 11503
16161 11503
14907 11503
6875 11503
2738 11503
9972 11503
10658 11503
11678 11503
2962 11503
16167 11503
14559 11503
6453 11503
742 11503
2974 11503
21623 11503
8033 11503
20050 11503
18179 11503
16565 11503
2117 11503
6427 11503
14014 11503
19598 11503
17717 11503
2086 11503
11802 11503
10056 11503
5535 11503
9579 11503
183 11503
11750 11503
6743 11503
6068 11503
1715 2116
15698 2116
2072 2116
3373 2116
1464 2116
796 2116
19482 2116
2742 2116
20165 2116
2318 1715
1853 1715
4268 1715
20171 1715
18403 1715
4173 1715
2034 1715
6875 1715
15008 1715
505 1715
19486 1715
5168 1715
19482 1715
6143 1715
1176 1715
2072 1715
17667 1715
10409 1715
14325 1715
13508 1715
9597 1715
2023 1715
2742 1715
14049 11721
2608 11721
505 11721
3373 11721
21133 11721
2072 11721
1176 11721
9597 11721
8689 11721
21955 11721
12780 11721
20289 11721
9818 11721
4432 11721
4762 11721
6896 11721
21094 11721
11937 11721
2883 11721
6196 11721
2645 11721
13988 11721
1691 11721
19481 11721
16088 11721
3396 11721
18220 11721
10258 11721
15217 11721
18403 11721
20293 11721
20449 11721
15393 13038
9597 13038
8689 13038
6829 13038
14433 13038
505 13038
17694 13038
2608 13038
17667 879
2075 879
21420 879
19378 879
20772 879
8713 879
2132 879
3373 879
8133 879
15886 879
17702 879
17091 879
2809 879
755 879
13191 879
2225 879
878 879
21302 879
14864 879
19481 879
7352 879
16322 879
19855 879
1700 879
19663 879
193 879
13858 879
10408 879
21972 879
12451 879
13038 8689
18403 8689
20088 8689
6707 8689
505 8689
21094 8689
15217 8689
20289 8689
15393 8689
2608 8689
2883 8689
16761 8689
20293 8689
8073 8689
17296 8689
3981 8689
7966 8689
7580 8689
9597 8689
9193 2389
4233 2389
1264 2389
1176 2389
11266 2389
19482 2389
505 2389
5254 2389
4762 2389
2742 2389
18403 2389
2760 2389
2425 2389
3509 2389
1464 18840
3373 18840
18403 18840
19020 18840
2145 18840
8646 18840
9315 18840
15393 18840
557 18840
8886 18840
14864 18840
6876 18840
18840 18840
2760 18840
11751 18840
5838 18840
2742 18840
19481 18840
3730 18840
18428 18840
15405 18840
4233 6196
3213 6196
18359 6196
7580 6196
21066 6196
19020 6196
8689 6196
2425 6196
16188 6196
2742 6196
18403 6196
4762 6196
11721 6196
1264 6196
8375 6196
19481 6196
1558 6196
10408 6196
18462 6196
6876 6196
9706 6196
11751 6196
21871 11519
14051 11519
14981 11519
21186 11519
2266 11519
7157 11519
21542 11519
11200 11519
259 11519
19855 11519
16653 11519
17166 11519
2485 11519
14325 11519
10368 11519
14158 11519
3883 11519
20050 11519
12678 11519
16085 11519
14647 11519
13569 11519
4131 11519
3463 11519
4370 11519
9141 11519
2888 11519
18179 11519
757 11519
13568 11519
10765 11519
19468 11519
3820 11519
20021 11519
17216 11519
10587 11519
3492 11519
12239 11519
3527 11519
1518 11519
17717 11519
16761 11519
9244 11519
15831 11519
183 11519
21897 11519
14543 11519
10408 11519
14154 11519
17246 11519
1853 1408
20171 1408
505 1408
4503 1408
5254 1408
2645 1408
283 1408
7088 1408
4762 1408
2425 1408
11750 9371
5219 9371
13572 9371
14294 9371
11427 9371
3373 9371
15293 9371
12937 9371
5861 9371
14325 9371
14836 9371
19486 9371
2888 9371
16029 9371
15426 9371
12239 9371
21914 9371
4497 9371
17861 9371
3501 9371
9839 9371
11763 9371
6393 9371
15349 9371
13494 9371
12520 9371
15698 2618
11697 2618
14325 2618
9597 2618
1176 2618
20171 2618
16085 2618
7941 2618
754 10551
3373 10551
6875 10551
14325 10551
14981 10551
9818 10551
3524 10551
1576 10551
10297 10551
12520 10551
3820 5337
878 5337
18463 5337
10372 5337
12452 5337
12451 5337
21133 20050
9706 20050
2135 20050
20050 20050
6875 20050
16167 20050
19855 20050
5861 20050
14981 20050
12564 20050
16029 20050
1473 20050
11763 20050
15349 20050
11750 20050
1715 15008
1853 15008
14325 15008
2072 15008
5254 15008
12947 15008
15376 15008
2072 11017
5254 11017
3908 11017
3514 11017
4908 11017
3186 11017
9608 11017
2134 11017
17012 5168
1715 5168
4555 5168
12038 5168
505 5168
2034 5168
2285 5168
1853 5168
20171 5168
907 5168
2618 5168
4383 5168
16361 5168
1542 5168
2072 5168
7696 5168
17694 5168
11530 5168
19481 5168
5254 5168
14325 5168
15698 5168
19482 5168
17667 5168
18403 5168
2742 5168
14049 5168
21094 5168
18462 1845
17565 20847
3908 20847
10875 10597
10552 18725
13326 18725
5758 18725
493 18725
3524 18725
17668 18725
1847 18725
19631 18725
18344 18725
11530 18725
12520 18725
18463 18725
16612 18725
5482 18725
16059 18725
9771 18725
4343 18725
7285 18725
17205 18725
11200 17851
3791 17851
18142 17851
21995 17851
488 17851
6068 17851
7941 15405
7941 7748
8765 2582
19663 2582
2039 1961
14051 3607
3908 7285
18725 7285
8637 15553
5254 10790
9422 3514
18463 13280
6875 11590
6268 11590
17101 11590
5424 11590
14158 11590
3463 11590
757 11590
16686 11590
16029 11590
6122 11590
755 11590
8030 11590
2117 11590
14764 11590
15349 11590
18487 11590
18463 11590
8633 11590
17205 11590
14158 16621
540 186
2798 21417
19164 4554
3524 14536
16029 14536
12449 2075
15217 20074
1715 4555
796 4555
2760 4555
5168 4555
21935 4555
17012 4555
1464 4555
2079 4555
9597 4555
15698 4555
2618 4555
1542 4555
21094 4555
21186 4555
14049 4555
7941 4555
2135 4555
14864 4555
19468 4555
15886 4555
264 4555
16749 4555
8713 17091
18879 17091
6514 17091
18528 17091
4503 17091
13191 17091
879 17091
14981 17091
18725 17091
14220 283
1176 283
3213 283
21955 283
11584 283
18403 283
11937 283
2645 283
9608 283
250 283
11669 283
19481 283
2266 283
2547 283
1558 283
10552 283
21542 283
2218 283
879 283
15834 283
18528 283
2809 283
21553 283
9818 283
2425 283
923 283
13308 283
12225 283
9367 283
3054 283
17489 283
3908 283
17675 283
3396 20511
16322 20511
14310 20511
1711 20511
7548 20511
4131 20511
4908 20511
9822 20511
16029 20511
2425 20511
3419 20511
18528 20511
6244 20511
11972 20355
16329 20355
9706 20355
17091 20355
19386 20355
9818 20355
11503 20355
2974 20355
1194 20355
14981 20355
20050 20355
3463 20355
754 20355
12519 20355
16749 20355
14014 20355
1176 12567
1715 12567
4268 12567
14193 12567
9597 12567
13508 12567
1701 12567
2017 12567
2095 12567
16838 12567
19482 12567
10961 12567
12688 12567
20142 12567
2023 12567
16559 12567
10757 12567
1645 12567
3373 12567
14325 12567
1853 12567
5254 12567
133 12567
11903 12567
1425 12567
2270 12567
21871 12567
4704 12567
21807 12567
2079 12567
505 12567
12680 12567
7121 12567
2742 12567
1464 493
21094 493
6707 493
7941 493
6466 493
8874 493
18725 493
18220 117
16188 117
18879 117
17639 117
11590 117
15980 117
7548 117
12564 117
16686 117
2425 117
10551 117
1849 117
11530 117
2034 11937
6876 11937
2452 11937
283 11937
9706 11937
2760 11937
2425 11937
9818 11937
14049 11937
796 21133
10757 21133
3373 21133
20050 21133
21201 21133
557 21133
2742 21133
18403 21133
3527 21133
3796 21133
21094 21133
21700 21133
2145 21133
21133 8057
3373 8057
3129 8057
4762 8057
14993 8057
2135 8057
7941 8057
18403 8057
16761 8057
1145 8057
242 133
1645 133
6143 133
2452 133
505 133
2742 133
6876 133
2034 133
15834 133
16167 133
14559 133
3643 133
6466 133
5383 133
9979 133
19855 13192
264 13192
19706 13192
2425 13192
6743 13192
13508 21700
9597 21700
4555 21700
2742 21700
21133 21700
13508 17012
4173 17012
1425 17012
1715 17012
796 17012
14325 17012
9597 17012
7088 17012
21565 17012
1927 17012
4555 17012
1464 17012
2624 17012
19486 17012
5168 17012
6143 17012
1711 17012
505 17012
2760 17012
20171 17012
557 17012
1853 17012
2072 17012
18403 17012
19482 17012
2079 17012
2742 17012
878 11443
16322 11443
11841 11443
14158 11443
4908 11443
10742 11443
20413 11443
8951 11443
8198 11443
9244 11443
18908 1594
3019 1594
6875 11458
10625 11458
3463 11458
9822 11458
7694 11458
1849 11458
11802 11458
8816 11458
5818 742
11318 742
9422 742
21908 742
9699 742
18351 742
3463 742
18179 742
9822 742
10320 742
2946 742
878 742
14594 742
16749 742
12021 742
14220 742
1849 742
9244 742
11377 742
9776 742
70 2485
18403 2485
5254 2485
17694 2485
3129 2485
10658 2485
14291 2485
16322 2485
11200 2485
2974 2485
21803 2485
6466 2485
13568 2485
18840 11669
19481 11669
2425 11669
10474 11669
15685 11669
20293 11669
283 11669
7941 11669
10658 11669
17434 11669
11017 11669
3908 11669
11750 11669
9972 11669
16322 11669
2137 11669
18908 11669
264 11669
2974 11669
14010 11669
3179 11669
8747 11669
11366 11669
17717 11669
15873 11669
11823 20152
9597 20152
17950 20152
15393 20152
13995 20152
1558 20152
2137 14559
14981 14559
13569 14559
757 14559
16749 20165
2425 20165
754 20165
9818 20165
2266 20165
2857 20165
2104 20165
14049 3396
7352 3396
15685 3396
12290 3396
17216 3396
11427 3396
14864 3396
14158 3396
3883 3396
14836 3396
3463 3396
16029 3396
19436 3396
10297 3396
17012 4173
17694 4173
9597 4173
10409 4173
1853 4173
2742 4173
1715 4173
19486 4173
20171 4173
2072 4173
5254 4173
7088 4173
19394 3463
16322 3463
17101 3463
18618 3463
15396 3463
14836 3463
10320 3463
2978 3463
19047 3463
2809 3463
15992 3463
283 17675
5959 17675
2883 7580
8689 7580
15217 7580
6196 7580
9597 7580
2425 8713
879 8713
1558 8713
19468 8713
15698 2452
1176 2452
2079 2452
2742 2452
5254 2523
18220 2523
7325 2523
3232 2523
10258 2523
3138 2523
14319 2523
14686 2523
9771 2523
557 2523
7352 2523
12164 2523
2978 2523
878 2523
19350 2523
1849 2523
11530 2523
760 2523
193 2523
5316 2523
12451 2523
2742 19468
15834 19468
13595 19468
3373 19468
3457 19468
8713 19468
1700 19468
18179 19468
15498 19468
16029 19468
5383 19468
3820 19468
19736 19468
2425 19468
11366 19468
3019 19468
2798 19468
11530 19468
250 19468
15992 12947
3138 12947
14325 12947
4365 12947
20408 12947
14993 12947
10942 12947
17050 12947
19558 12947
878 1700
12646 1700
6076 1700
19468 1700
15699 1700
12451 1700
7548 264
3831 264
14195 264
5628 13191
6514 13191
3992 13191
878 13191
9664 13191
19055 13191
1008 13191
4407 13191
3908 17216
3396 17216
9972 17216
14507 17216
1120 17216
5818 17216
20312 17216
3179 17216
16029 17216
11117 17216
11812 17216
755 17216
3527 17216
12225 17216
14014 17216
14536 17216
4903 17216
1849 17216
20050 21485
16085 21485
7253 21485
7447 6453
11503 6453
14367 6453
1558 8298
4438 8298
12311 8298
14301 8298
8951 8298
12334 8298
4539 8298
18403 6964
15699 8375
493 13345
16749 13345
19855 10457
14981 10457
12164 10457
8298 10457
19350 10457
13222 10457
18913 10457
6875 15455
2742 15455
18462 15455
7941 15455
15685 20772
18725 20772
14154 20772
19855 20772
7582 20772
1558 20772
1145 20772
19386 20772
879 20772
11110 20772
12472 20772
19482 5074
18403 5074
15083 5074
2072 5074
11972 11972
3981 13326
18725 13326
12021 13326
18462 13326
21066 7062
2742 11677
12520 11677
7941 11677
2608 14049
2760 14049
2072 14049
11721 14049
3796 14049
9193 14049
16188 14049
2079 14049
19482 14049
16085 14049
6875 14049
16986 14049
3396 14049
19855 14049
11937 14049
10258 14049
2742 14049
16743 14049
18403 16761
2883 16761
2072 16761
2760 16761
15393 16761
2742 16761
3514 16761
3373 16761
14981 16761
17614 16761
10706 16761
16749 16761
9367 16761
12520 16761
879 21420
2738 21420
2974 2946
9999 2946
2425 2946
12334 2946
5532 19714
16761 19714
18725 19714
17290 16161
9706 16161
2104 16161
17091 16161
20004 16161
2809 16161
11944 16161
3231 16161
17675 5959
2883 13222
1691 13222
1452 13222
12164 13222
19624 13222
6851 13222
20408 15818
18725 15818
1558 15818
250 15818
2329 15818
2137 1473
14981 1473
12164 1473
11435 21914
16029 21716
2331 21310
1558 21310
8747 21310
16974 21310
12407 21310
2132 21310
12452 21310
20293 3525
17950 3525
18351 3525
18179 3525
13090 3525
11677 3525
21197 3525
193 3525
19624 3525
13508 14325
1715 14325
2742 14325
1645 14325
2072 14325
15008 14325
18403 14325
1853 14325
20171 14325
12947 14325
757 14325
14507 14220
1715 1927
2742 1927
1853 1927
17012 1927
557 1927
18403 1927
18158 1927
10757 1927
21565 1927
2095 1927
2760 1927
505 1927
21186 1927
2135 1927
14640 1927
14864 1927
1145 1927
19386 1927
2489 1927
6875 1927
17667 1927
15423 1927
14325 1927
18201 1927
14981 1927
20050 1927
7548 1927
2857 1927
7352 1927
20595 1927
2458 1927
3524 1927
16029 1927
13568 1927
3742 1927
3180 1927
7694 1927
2225 1927
2117 1927
18840 1927
13222 1927
18487 1927
3054 1927
803 1927
14543 1927
2712 1927
6743 1927
20692 1927
9601 1927
10724 1927
22056 1927
7209 1927
7941 1927
8872 1927
18747 1927
5876 1927
12452 1927
13192 1927
12407 1927
7941 5136
17489 9198
5254 172
14864 172
3396 172
2218 172
19855 172
264 172
11458 172
9422 172
12026 172
7548 172
2857 172
19481 172
3179 172
3962 172
3524 172
16029 172
3482 172
3741 172
13568 172
5087 172
12021 172
6427 172
17717 172
2503 172
12520 172
7941 172
12452 172
2425 10367
11200 7157
18142 7157
2888 7157
5383 7157
4043 7157
15426 7157
4248 7157
3923 2104
18462 2104
20165 2104
12452 2104
15886 2104
19486 16085
6875 16085
10586 16085
3796 16085
13568 16085
9193 16085
2072 16085
5254 16085
505 16085
18403 16085
2608 16085
14049 16085
19482 16085
15834 16085
19481 16085
1452 16085
14864 16085
16322 16085
2742 16085
17667 16085
14981 16085
6076 16085
2425 16085
878 16085
13594 16085
18428 16085
7941 16085
21302 16085
18725 16059
7241 7802
14981 183
12520 183
557 16986
9818 16986
14049 16986
2425 16986
18725 15700
18722 3527
11036 3527
16974 3527
14272 14032
13591 20720
3373 169
20398 169
7941 169
7941 20908
3962 6123
3509 6123
11754 6123
4762 4408
18725 4408
2135 4408
4539 4408
11017 4408
1558 4408
2809 4408
8375 4408
4407 4408
18725 16781
17447 3796
9706 3796
16085 3796
907 3796
2742 3796
19482 3796
5254 3796
9193 3796
14049 3796
7802 3796
18462 3796
2425 3796
17489 3796
17667 2095
796 2095
4803 2095
505 2095
1645 2095
7703 2095
18220 14539
5074 14539
1452 7972
16059 22123
16070 16361
347 16361
18403 16361
19855 16361
5337 695
2034 695
996 695
13568 695
6427 695
17717 695
6393 695
18869 695
15380 695
2134 695
7468 695
13858 695
18428 695
7941 695
10658 2141
9706 2141
2141 2141
21079 2141
3883 5415
7325 12449
2075 12449
21542 12449
8633 12449
12992 17888
3767 17888
878 17888
5222 17888
14981 17888
5337 17888
18463 17888
17232 17888
12451 17888
259 11802
11458 11802
19394 10757
796 10757
21133 10757
11697 10757
21565 10757
17694 10757
3373 10757
2742 10757
18403 10757
3152 16748
16749 15811
20165 15811
14049 15811
1558 15811
18725 15811
18462 11944
7941 11944
16161 11944
1178 11944
18142 15108
2141 16686
3989 16686
5984 16686
18179 16686
9822 16686
11967 16686
18786 16686
4432 14686
20408 14686
18725 14686
19855 17717
3802 17717
9345 17717
3741 17717
3019 19807
5984 14111
16686 14111
1576 14111
2135 8872
7209 8872
15992 8872
11200 6268
11590 6268
18142 6268
12528 6268
14158 6268
12564 6268
3643 6268
2328 6268
3908 9209
15834 9209
10258 6966
14687 4053
18142 9819
14935 13467
12678 15443
16960 4547
14158 4547
12564 4547
18487 4547
20408 16110
3055 16110
3463 16110
3820 16110
6875 3179
9972 3179
16322 3179
3457 3179
19855 3179
11930 3179
3883 3179
4131 3179
3962 3179
9818 3179
16029 3179
13568 3179
2946 3179
18249 3179
9610 3179
13845 3179
17216 3179
14594 3179
12021 3179
11377 3179
19104 3179
13858 2857
16322 2857
14981 2857
13983 2857
5337 2857
878 2857
2117 2857
17241 2857
12520 2857
11967 2857
1558 11763
11763 11763
16185 11763
2581 11763
5861 11763
20050 11763
6122 11763
15873 11763
11750 11763
6743 11763
18725 16462
17563 14833
1298 20461
13884 20461
13308 20461
1558 6743
13988 6743
16322 6743
14325 6743
14981 6743
1212 6743
18462 6743
11677 6743
11763 6743
18487 6743
15376 6743
13975 6743
10239 6743
15405 6743
13192 6743
6851 6743
6068 6743
12451 6743
20878 6743
15374 12564
6502 12564
13950 12564
18528 1212
11110 1212
133 1212
193 1212
13858 1212
18840 14864
14686 14864
14863 14864
12290 14864
2489 14864
2266 14864
16085 14864
20064 14864
879 14864
18127 14864
3396 14864
7352 14864
20595 14864
16552 14864
12378 14864
12520 14864
16461 14864
7468 14864
11967 14864
16294 14864
7941 14864
18725 5758
11117 12678
9422 14310
771 14310
11530 14310
1265 14310
21897 14310
2072 10297
16322 10297
17667 10297
3396 10297
13568 10297
937 10297
10551 10297
11051 10297
12021 10297
11460 10297
3054 10297
18463 10297
7941 10297
15405 10297
12452 10297
13192 10297
14993 15685
3396 15685
16029 15685
9706 672
3396 672
1576 6122
18262 21805
14460 2455
18142 17140
3019 12917
4438 8226
15376 8226
18487 3238
10056 18487
12520 18487
19624 18487
14507 18395
3050 21908
20384 21908
3741 21908
13367 2974
3883 2974
11669 2974
16029 2974
9921 2974
11850 2974
21302 2974
15380 18913
11721 17614
15217 17614
16761 17614
1847 2242
18725 2242
18142 21535
21768 21535
20408 755
1452 755
3883 755
12407 755
19558 6869
5861 6869
14325 6869
3463 6869
16029 6869
2742 13591
19631 13591
10625 14294
9699 14294
8747 14294
2455 14294
12353 14294
10706 14294
16974 14294
377 14294
2023 1795
21186 6427
13568 6427
2425 6427
839 6427
2742 7716
2072 4383
19486 4383
5168 4383
4311 7473
17717 14736
3463 18093
10096 5838
21803 5838
2888 5838
18840 5838
4704 4233
6707 4233
2742 4233
18403 4233
8156 10659
11812 16230
14687 8549
6707 12487
18179 789
878 789
493 7941
10096 7941
3373 7941
12290 7941
2489 7941
878 7941
14864 7941
1830 7941
14444 7941
19631 7941
10297 7941
2135 7941
12520 7941
21897 7941
18463 7941
16294 7941
169 7941
15405 7941
20908 7941
12452 7941
2341 7941
21302 7941
21972 7941
10096 2558
16217 2558
7941 2558
2425 18606
3446 9179
14907 7447
6453 7447
15021 7447
19121 11751
11176 11751
17260 11751
19176 11751
16612 11751
20293 11751
14294 11751
13995 11751
6196 11751
18840 11751
9546 16706
11120 16706
20585 16706
3419 16706
12532 16706
2145 9315
18351 9315
18840 9315
18840 2145
19631 8646
18247 8646
3962 8646
4233 16329
9706 16329
14294 16329
21803 16329
21553 16329
14014 16329
3481 16329
14099 16329
2328 16329
8646 18247
2145 21079
3129 21079
21061 21736
3373 7121
2034 7121
18403 7121
4233 7121
2145 7121
9371 9839
283 250
15886 250
2742 250
1452 250
8945 250
15417 250
14647 250
1576 250
17782 250
9367 250
7802 250
2503 250
9198 250
7468 250
4131 16119
6502 16119
18359 8073
18403 8073
15217 8073
15618 18351
21803 18351
21066 18359
8073 18359
9525 18359
19855 18359
4070 18359
18725 18359
14010 2727
18249 14444
19736 14444
1451 14444
7941 14444
12452 14444
4642 20398
5818 18908
12564 18908
12892 18908
7941 18908
18403 21955
4233 21955
283 21955
2742 14370
21066 14370
2079 14370
2893 21803
5838 21803
2137 21803
18351 21803
14196 21803
12239 21803
2137 11437
21045 11437
18179 11437
8747 18344
18725 18344
2137 11377
2034 11377
757 11377
6393 11377
11050 11377
2503 11377
11851 11678
9610 11678
3186 11678
12354 11678
13595 11678
17717 11678
11841 417
8999 417
9822 417
20413 417
11443 417
8951 417
2452 12385
7088 4402
17667 9193
18403 9193
2072 9193
19482 9193
16188 9193
18220 9193
3796 9193
505 9193
2742 9193
2883 9193
14049 9193
16085 9193
9972 3054
12026 3054
13568 3054
2117 3054
10297 3054
14543 3054
505 18158
19482 18158
17694 18158
2072 18158
4173 10409
1715 10409
12038 10409
16880 10409
6143 10409
2079 10409
15477 10409
2023 10409
7088 10409
18462 10564
12564 10564
5400 10564
18142 19477
8713 971
21517 971
2137 971
8747 971
11007 971
10551 971
17675 971
8298 14301
16146 14301
14798 14301
14487 14301
2742 10408
8633 10408
2017 10408
15001 10408
6068 10408
13591 11051
14158 11051
3463 11051
3524 11051
14536 11051
1849 11051
11377 11051
10297 11051
879 8133
1452 8133
878 8133
18725 8133
13858 8133
1645 382
3373 382
878 18746
18462 18746
12451 18746
3396 2135
17050 2135
6427 2135
14686 2135
557 2135
20449 2135
1212 2135
4503 2135
3234 2135
1558 2135
20772 2135
21542 2135
18201 2135
3373 2135
17717 2135
12452 2135
17372 2135
19706 2135
19481 2135
2425 2135
878 2135
12239 2135
2117 2135
17782 2135
17593 2135
2134 2135
13858 2135
7941 2135
8872 2135
8945 8747
14158 8747
3883 8747
14981 8747
12564 8747
11669 8747
16029 8747
12054 8747
3019 8747
12354 8747
12021 8747
1518 8747
971 8747
2798 8747
18344 8747
13192 19706
18462 19706
7199 19706
16329 21553
10320 21553
5222 3509
1452 3509
1120 3509
264 3509
13367 3509
5818 3509
13325 3509
5600 3509
14158 3509
12564 3509
3962 3509
883 3509
4908 3509
967 3509
16029 3509
16401 3509
11117 3509
3741 3509
5383 3509
3742 3509
905 3509
18077 3509
17290 3509
13058 3509
19264 3509
20396 3509
10551 3509
13308 3509
21494 3509
14437 3509
14183 3509
4642 3509
19541 3509
6855 3509
1849 3509
2798 3509
11677 3509
16552 3509
21197 3509
18869 3509
13858 3509
9353 3509
12165 3509
7209 3509
2242 3509
1303 3509
12452 3509
4559 3509
5523 3509
17205 3509
15921 3509
11530 13921
2425 13921
4950 13882
11530 13882
2425 13882
19558 13882
21565 4803
2095 4803
1452 3524
20343 3524
16389 3524
16029 3524
11812 3524
10551 3524
6427 3524
14536 3524
18725 3524
18463 3524
21542 21819
19486 21819
5337 19663
2582 19663
878 19663
2503 19663
13858 19663
13591 13058
18528 13058
3463 13058
14183 13058
10840 13058
16322 17593
878 17593
2135 17593
16167 905
2974 905
14158 905
3962 905
757 905
9822 905
16029 905
13568 905
11443 905
2225 905
10551 905
10684 905
7802 905
13858 905
12947 13858
18201 13858
2857 13858
13568 13858
2425 13858
19663 13858
3152 13858
1212 13858
2117 13858
21061 13858
17372 13858
8633 13858
2137 17960
18142 17960
12564 17960
6466 17960
8298 17960
17743 1518
6875 1518
16322 1518
3457 1518
14647 1518
967 1518
3186 1518
18869 1518
14291 967
2857 967
12564 967
8999 967
2458 967
9822 967
761 967
11377 967
12451 967
9972 2503
16167 2503
9422 2503
6138 2503
11377 2503
250 2503
15873 2503
22114 2503
13568 14865
6122 14865
8951 14865
13308 14865
5189 14865
9422 12021
8747 12021
16029 12021
3447 12021
10297 12021
6514 10138
7352 10138
878 10138
11443 10138
17372 12225
5818 12225
14325 12225
2425 12225
14863 12225
3019 12225
3186 12225
3447 12225
12678 11117
8765 11117
13129 11117
6877 11117
2425 11117
18149 11117
15191 11117
13858 2117
2329 2117
8298 2117
3054 2117
14981 14798
760 14798
5818 19613
20343 19613
9097 19613
16401 19613
1715 20728
1464 20728
21700 20728
796 20728
2742 20728
21094 20728
9525 20728
9597 20728
18403 20728
557 17447
19481 17447
3796 17447
18403 17447
6707 17447
4579 17447
8689 17447
3373 17447
505 17447
17296 17447
9818 16229
2883 16229
4579 16229
6707 16229
505 16229
8747 16229
2072 16229
4154 16229
21955 16229
3129 16229
16880 16229
3213 16229
20289 16229
11721 16229
11850 16229
16088 16229
557 16229
10658 16229
4762 16229
21020 16229
20293 16229
7941 16229
11763 16229
1558 16229
1185 16229
21420 16229
9706 16229
3373 16229
2137 16229
17764 16229
17101 16229
14981 16229
19481 16229
757 16229
10457 16229
8298 16229
11812 16229
8874 16229
19615 16229
11377 16229
10056 16229
10392 16229
21492 16229
8722 16229
9883 16229
18403 1558
2017 1558
19481 1558
2760 1558
3234 1558
16743 1558
20293 1558
2135 1558
16612 1558
283 1558
6502 1558
2742 1558
18462 1558
21133 21201
11721 21201
4579 21201
21094 21201
9706 21201
9422 12239
14981 12239
3908 10056
13302 10056
12472 10056
2742 10056
19481 10056
12311 10056
9818 10056
883 10056
13222 10056
14993 10056
16059 10056
9771 10056
12452 10056
21972 10056
12407 10056
2742 10392
17764 10392
9874 10392
10056 10392
12026 12520
2857 12520
19481 12520
19615 12520
11677 12520
760 12520
18725 12520
2742 19615
13595 19615
13191 19615
878 19615
12520 19615
12451 19615
21700 10997
2023 10997
9597 10997
796 10997
2145 10997
18403 15217
4579 15217
9525 15217
19020 15217
17614 15217
2072 15217
505 15217
8073 15217
7580 15217
18359 15217
20728 15217
12780 15217
14981 15217
1264 15217
16761 15217
2974 15217
17764 14981
12452 14981
14559 14981
20050 14981
2857 14981
16085 14981
8747 14981
10457 14981
11460 14981
183 14981
14798 14981
6743 14981
17091 14981
16612 19267
13494 19267
11751 19267
16322 19267
14158 19267
15636 19267
13595 19267
11377 19267
2858 19267
12652 19267
20398 19267
10675 19267
10408 19267
2218 1145
3373 20293
17764 20293
3129 20293
8689 20293
18403 20293
17950 20293
17447 20293
4762 20293
15217 20293
19481 20293
11669 20293
18725 20293
1558 20293
4762 18879
757 15980
3158 771
4764 771
9244 771
18604 771
12520 771
19481 11460
5628 11460
14981 11460
16029 11460
10056 11460
18093 14234
18142 9345
8763 9345
17717 9345
13955 9345
18403 4579
21700 13508
4268 13508
14325 13508
1715 13508
18403 13508
20171 13508
9597 13508
2072 13508
1853 13508
8226 4438
14444 4438
16029 4438
2275 4438
918 4438
12239 4438
2072 4539
557 12319
18725 12097
2023 5876
19121 5876
13038 5876
169 5876
17296 5876
8689 5876
20693 5876
19020 5876
17447 5876
20152 5876
16612 5876
5914 5876
20293 5876
11751 5876
5838 5876
2742 5876
17950 5876
17296 17296
8689 17296
19412 17296
1342 14014
21066 14014
11717 14014
5859 14014
14294 14014
11503 14014
133 14014
5861 14014
3883 14014
11017 14014
16329 14014
695 14014
11377 14014
7941 14014
2494 14014
20293 17950
3525 17950
193 17950
18725 17950
19624 17950
6744 17950
11751 17950
4233 20088
21066 20088
8689 20088
18359 20088
19020 5861
20152 5861
9839 5861
9371 5861
1464 5861
18618 5861
9422 5861
17434 5861
20050 5861
12564 5861
20595 5861
3989 5861
19481 5861
3463 5861
14444 5861
16029 5861
11812 5861
14014 5861
4903 5861
9622 5861
6694 5861
11763 5861
15380 5861
11750 5861
11946 6393
22056 6393
4903 6393
193 6393
12520 6393
16088 6393
9972 18179
3755 18179
6466 18179
21425 18179
14582 18179
10320 18179
19468 18179
11145 18179
15426 18179
6893 18179
18220 7677
18725 7677
15405 7677
19714 7677
17296 19412
15217 6279
6285 6279
9839 6279
17667 13494
9371 13494
14312 13494
8689 9525
6707 9525
505 9525
18359 9525
6285 6285
15217 6285
20050 6285
6279 6285
16761 2883
9193 2883
13995 2883
16188 12780
18403 12780
11721 12780
15217 12780
3525 19624
17950 19624
1576 19624
18487 19624
20064 17782
12452 17782
5277 7966
2742 20289
3129 20289
18403 20289
19481 20289
5876 16612
11751 16612
1558 16612
18725 16612
2137 13572
20595 13577
6466 13577
13038 6829
8689 15914
1264 1264
6196 1264
19558 1264
17717 17727
17667 18632
18725 10552
10552 10552
20396 4492
878 4492
3373 18201
3509 18201
13858 18201
10022 18201
8872 15992
14686 2218
13191 2218
8218 2218
18462 2218
3514 2218
9818 2218
13370 2218
12947 2218
19855 2218
8945 2218
3989 2218
19481 2218
757 2218
16029 2218
12519 2218
3019 2218
2809 2218
11377 2218
7802 2218
18869 2218
250 2218
7468 2218
6068 2218
6837 9367
14864 9367
996 9367
6427 9367
6527 9367
250 9367
16029 14215
21542 10942
6886 8877
11200 3457
14158 3457
9610 3457
3019 3457
11530 3457
18869 3457
17639 3457
9771 3457
18127 17489
9198 17489
17101 6694
18462 6694
15644 8707
8209 8707
505 19394
3373 19394
10961 19394
17694 19394
10757 19394
6143 19394
878 2606
12451 2606
2137 5569
12947 14993
3373 14993
10056 14993
14798 14993
2135 17372
13858 17372
10022 17372
283 2809
12564 2809
19481 2809
12021 2809
283 15834
11968 6142
878 6142
18487 6142
9422 19350
16029 19350
2275 19350
15426 19350
3019 19350
11678 1265
10408 15001
19636 21577
1681 21577
11651 21577
10320 21577
15426 21577
20343 13872
11375 13872
18968 13872
153 13872
11324 13872
18109 13872
16389 13872
17743 13872
11541 13872
10706 13872
14367 13872
16294 13872
2857 13983
6875 14154
3908 14154
7941 14154
8682 10372
19855 10372
5337 10372
18725 10372
6123 11754
7941 11754
11200 2888
16146 2888
13058 2888
15426 2888
21897 2888
19482 1517
17667 1517
2072 1517
1542 1517
2618 1517
7088 1517
2425 1248
17702 1248
10118 9953
21186 7548
9972 7548
14507 7548
264 7548
2458 7548
18722 7548
11812 7548
14183 7548
14543 7548
11678 10448
9422 10448
13325 10448
3962 10448
18077 10448
4248 10448
4345 10448
11377 10448
10118 10341
2742 21897
2888 21897
7941 21897
12449 21542
19136 21542
283 21542
3908 21542
10942 21542
21535 10903
21045 10903
18142 10903
20914 10903
5412 10903
2211 10903
7241 10903
3927 10903
13569 10903
2629 10903
10118 10903
3820 10903
10706 10903
17101 21425
18179 21425
11841 20413
11443 20413
8951 20413
8198 20413
14158 10118
10706 10118
1194 1898
14507 14040
9979 3136
5412 10778
12564 10778
14647 10778
4794 10778
15512 12164
3741 12164
18077 12164
15426 12164
1451 12164
1849 12164
13222 12164
6851 12164
3463 21979
18928 21979
11443 918
878 918
10742 918
13913 918
2275 918
6042 918
15426 918
18520 918
7941 918
12451 918
7802 2494
13568 1470
5628 319
11669 17434
18179 17434
11812 17434
4497 17434
12334 17434
6068 17434
11937 10584
11972 10584
18403 10584
14049 10584
2425 10584
6876 12038
5254 12038
13508 12038
17667 12038
21186 12038
19394 12038
7088 12038
19482 12038
2742 12038
19486 12038
796 12038
1853 12038
5168 12038
6143 12038
757 8032
19636 937
3463 937
11324 937
11541 937
5383 937
19460 937
3820 937
12239 937
10297 937
5651 937
21864 937
14460 761
967 761
878 761
11530 761
17241 761
14367 883
12452 883
17205 883
10547 10398
15374 10398
13971 10398
18149 10398
2742 304
17717 304
14559 757
21577 757
1120 757
14325 757
8032 757
6466 757
14444 757
16029 757
7315 757
7052 757
1451 757
11377 757
6427 839
16678 839
3463 3962
16029 3962
6123 3962
21908 18968
20343 18968
11375 18968
11112 18968
16389 18968
17743 18968
16029 18968
44 9664
19055 9664
1008 9664
4407 9664
8442 11007
15426 11007
14183 1849
2742 1153
2079 1153
2072 1153
505 1153
3981 1153
13508 21565
17012 21565
3981 21565
4803 21565
19486 21565
18158 21565
9904 21565
10757 21565
2072 21565
13568 21565
2095 21565
1927 21565
2742 21565
20004 15081
5254 3213
19482 3213
283 3213
2425 3213
2742 3213
10757 944
1927 944
2072 944
3373 944
1645 944
5254 944
2742 944
2079 944
4383 944
15083 944
11530 944
19482 944
16085 18428
16322 18428
2857 18428
5337 18428
20064 18428
6311 18428
18840 18428
695 18428
12520 18428
11750 18428
10942 18428
17232 18428
5959 18428
17091 18428
17717 3802
18725 12843
14907 19598
11503 19598
382 1645
1425 1645
18403 1645
2742 1645
14325 1645
2742 19790
14158 2331
13766 7152
21865 7152
2135 2134
6886 2134
3509 14640
9953 10463
19350 8945
13187 8945
20396 9003
2857 11967
18077 11967
2742 11427
10706 11427
11678 11427
17101 11427
1830 11427
15281 19365
21445 19365
5841 19365
157 19365
12026 18618
12149 18618
3463 18618
19855 2328
16329 2328
18725 2328
8878 15332
10968 17249
1691 17249
2742 17249
2072 17249
19482 17249
2425 17249
15083 17249
19482 20396
7941 20396
9003 20396
21542 15002
2135 15002
2742 15002
18725 11530
2072 15083
19482 15083
17694 15083
17249 15083
1691 15083
5074 15083
2425 15083
2072 12935
2645 14010
11669 14010
2137 14010
2727 14010
18725 14010
20408 3234
1558 3234
259 7162
12646 14507
15396 14507
14040 14507
6877 14507
18395 14507
14220 14507
13882 19558
6869 19558
12947 19558
2137 11812
4317 11812
18127 11812
21803 11812
3524 11812
16029 11812
3019 11812
14047 11812
12564 18077
12164 18077
878 18077
13308 18077
6009 18792
11643 21632
10408 8227
9422 12026
16678 12026
12520 12026
3054 12026
3463 2978
3908 2978
18725 16552
14864 16552
3509 16552
2072 13899
18462 17
1558 16743
14049 16743
12407 16743
15498 3820
15068 3820
7548 4001
3663 4001
18725 4001
14836 11318
20595 11318
8765 11318
8002 11318
13129 11318
11851 11318
15498 11318
5383 11318
6076 11318
3820 11318
19736 11318
3654 11318
7941 20004
15081 20004
16161 20004
2086 20004
760 20004
2742 8218
14165 8218
20408 8218
3234 8218
2218 8218
4503 17563
14833 17563
12449 8633
10408 8633
2017 8633
19855 8633
18725 8633
13858 8633
4762 4154
16653 4154
1120 4154
3563 4154
11850 12452
883 12452
878 12452
18462 12452
12451 12452
10138 193
3525 193
17950 193
11443 193
2225 193
1212 193
19350 193
2809 193
6393 193
5316 193
183 193
283 11584
2425 11584
2645 11584
878 13151
11503 2086
20004 2086
5535 2086
5926 2086
1986 51
2072 2566
17667 2566
12947 4365
7941 4365
20408 4365
6869 4365
12728 4365
11743 5222
2888 15426
12164 15426
19503 15426
8442 15426
918 15426
16430 3055
21535 3055
18142 3055
17166 3055
10706 3055
16110 3055
13326 3055
16879 16430
19855 16430
17140 16430
19112 16430
1636 16430
10165 5169
14836 5169
10719 17101
13569 17101
21425 17101
3463 17101
18179 17101
3019 17101
6694 17101
18142 5201
14483 12646
14507 12646
1700 12646
18142 12730
11110 1120
16322 1120
16880 1120
16653 1120
18844 8857
7073 17013
2955 17013
10824 17013
16322 17219
18142 17219
16218 18142
21061 18142
21577 19636
1681 19636
10320 19636
8298 19636
18142 10943
16430 16879
6123 16879
18142 14693
15072 206
18142 17343
9964 17343
3055 17166
3855 17166
923 17166
14103 3438
18142 12739
5984 5173
13129 21141
18142 16637
7241 4970
4970 7241
12452 7241
18142 16218
259 13690
133 13690
3463 13690
9999 13690
18179 13690
8994 13690
9979 13690
17717 13690
14367 19445
7253 10838
5169 14836
8765 14836
6877 14836
4970 3791
18179 21623
16430 19112
7808 20977
16960 3927
9610 3927
9407 3927
3186 3927
14836 10253
5850 10253
945 19028
16322 16653
16880 16653
1120 16653
18179 3755
6855 3755
10398 10547
11564 18269
18269 11564
3463 2569
11930 11095
11651 11095
14774 11095
19636 1681
19460 1681
14367 1681
20171 18127
17668 18127
19681 18127
14594 18127
17717 18127
17489 18127
12452 18127
2104 18127
2425 13325
878 13325
20413 11841
8951 11841
4438 18045
391 14483
18179 3271
319 5628
16493 5628
21535 5628
18725 5628
878 20202
4983 17826
15644 5424
21908 3050
20384 3050
16789 3050
377 9699
8857 18844
3730 18844
2075 945
883 16725
6076 16725
878 3855
3927 16960
17326 16553
5535 16553
18179 3486
3847 4926
15553 8637
19365 15281
7988 15281
21445 15281
5841 15281
3784 15281
3186 15281
157 15281
10253 5850
3730 8703
4253 17416
15426 17416
8298 15399
16469 21855
18725 12149
18618 12149
16167 9244
945 9244
16029 9244
11530 9244
13494 9244
17489 9244
11851 8139
21597 8139
11318 5383
6466 5383
14359 5383
493 8874
2857 17241
761 17241
15396 4903
14158 4903
19681 4903
1849 4903
6393 4903
16553 5535
14158 5535
9422 18149
18127 18149
9235 16974
2329 16974
3989 16974
757 16974
14907 4910
878 923
283 923
967 3654
923 3654
3050 16789
13845 16789
4440 3728
17101 13569
9097 14188
3224 14188
17888 12992
2809 12992
3509 19258
7941 1830
18462 15736
878 6851
3992 6851
12451 6851
21577 14434
11318 14434
20595 14434
13129 14434
11851 14434
11117 14434
16789 14434
8298 14434
18520 14434
18127 14594
16029 14594
13180 14594
6009 12472
15426 6795
3509 18861
9235 18861
12452 18861
10219 1454
15426 1454
259 609
1454 10219
15426 10219
11678 11851
13129 11851
8139 11851
15644 11851
6076 11851
878 12451
12452 12451
1111 12451
6851 12451
18462 11747
3463 11747
878 11747
3482 19946
3224 19946
15396 3482
3989 3482
3224 3482
19946 3482
4636 3482
13831 3482
10838 7253
16322 9868
18725 6068
878 2195
7241 15757
11678 6009
18792 6009
21349 6009
12472 6009
12715 20273
5430 20273
11738 19838
9664 1008
16294 1008
7941 1008
44 1008
19055 1008
1777 1008
4407 1008
14325 3743
18463 12529
11324 13913
16789 13913
3148 13913
18520 13913
19849 16469
16007 10765
20343 11324
11375 11324
4789 11324
18968 11324
18109 11324
11112 11324
16389 11324
17743 11324
11541 11324
13913 11324
20312 15498
15068 15498
19736 15498
3152 15498
14687 8118
11318 19736
9246 19736
15498 19736
11095 11930
14444 11930
18249 11930
19855 2526
21908 3741
20312 3741
10320 3741
12164 3741
18520 3741
3019 3741
17717 3741
17903 18658
17101 10719
14367 10719
20343 10725
11375 10725
11324 10725
18109 10725
17743 10725
11541 10725
937 10725
20343 16389
11375 16389
4789 16389
18968 16389
18109 16389
11112 16389
8945 13187
878 13187
14312 13187
10056 13187
878 13825
8198 13825
21908 3158
771 3158
13114 10262
10606 10262
14158 1903
3989 1903
12334 1903
1849 1903
5850 4003
9198 14774
878 4794
18552 793
12564 13950
16801 13950
1558 6502
12564 6502
3186 6502
4053 14687
21623 11738
19838 11738
18840 6527
19380 5104
20597 5104
15426 5104
18692 10875
19631 21099
16322 14907
4123 14907
11503 14907
14310 14907
14559 14907
6453 14907
18142 14907
14158 14907
3989 14907
9246 14907
2946 14907
18077 14907
3794 14907
12519 14907
16749 14907
2132 14907
19598 14907
2086 14907
3396 14925
21553 14925
3482 4636
13831 4636
12715 4636
5430 4636
878 7261
18725 7202
18462 18249
11930 18249
13845 18249
20595 5316
1359 5316
14060 5316
264 9822
3463 9822
15435 9822
13058 9822
19436 9822
11377 9822
20595 3481
16029 3481
19264 3481
7941 3481
16029 13831
3482 13831
4636 13831
10547 4789
20343 4789
11375 4789
18968 4789
11324 4789
18109 4789
16389 4789
3482 4789
3224 4789
19946 4789
10398 4789
15426 4789
4370 8196
3741 18520
3224 18520
2275 18520
918 18520
15423 12522
17205 12522
18463 12522
557 12522
11318 20595
8002 20595
883 20595
5383 20595
5316 20595
21577 11651
11112 11651
18249 11651
20599 11651
13845 11651
13308 21033
3463 13516
16401 13516
11473 10569
7548 14543
13568 14543
2328 14543
2135 14543
3054 14543
11967 14543
9972 3989
1903 3989
5861 3989
3883 3989
16686 3989
3482 3989
11841 8951
20413 8951
11443 8951
8198 8951
9810 8951
12947 3138
10129 3138
3908 3138
19558 3138
15512 3138
14444 3138
12164 3138
3989 18722
8298 18722
21516 18722
19055 18722
771 18604
17782 13975
13158 4317
10056 12311
14559 8878
15332 8878
18725 8878
17434 4497
9874 20318
12520 20318
2137 14196
21803 14196
9345 13955
18908 5818
16553 12165
19020 9495
12472 9495
15699 9495
19353 9495
13085 9495
4002 8156
11110 8156
3373 8156
6643 8156
21942 8156
10659 8156
16059 8156
12452 8156
8614 10684
18725 20687
5861 15380
13222 15380
18913 15380
5104 20597
6851 3992
11677 18348
10239 18348
11678 13595
9422 13595
16029 13595
4317 2858
14444 4345
16678 4345
21577 20312
8765 20312
13129 20312
11851 20312
15498 20312
15426 3794
14359 9246
6877 9246
19736 9246
2137 4131
11318 4131
14434 4131
6877 4131
3186 4131
21864 4131
18725 21087
5222 940
18179 14582
4513 18674
10056 21972
18077 13308
13884 13308
18908 12892
11318 8002
20595 8002
6123 8002
9664 44
16294 44
19055 44
1008 44
4407 44
19460 2275
8824 2275
878 2275
18520 2275
918 2275
14559 2712
16960 1194
2242 1847
18725 1847
14122 16258
14589 11737
10022 377
12026 16678
839 16678
2742 20021
9371 11750
11669 11750
1452 11750
5861 11750
20050 11750
11763 11750
9610 3784
2742 16519
10926 11670
15281 21445
19365 21445
5316 21745
14060 21745
1303 6305
20343 11375
4789 11375
18968 11375
11324 11375
18109 11375
11112 11375
16389 11375
11651 11375
11541 11375
12571 1778
7157 16516
11678 21197
13222 16088
3741 3019
17628 3019
8298 3019
11377 3019
18127 19681
14359 19681
19503 19681
15426 19681
4903 19681
14981 16143
15281 7988
19365 7988
5841 7988
157 7988
16029 4908
11443 4908
11651 19172
18249 19172
12564 15831
14336 4875
20004 760
12520 760
14798 760
12021 3447
7941 16294
1008 16294
4407 16294
11318 6076
8765 6076
11851 6076
6466 14122
16258 14122
10320 14122
14507 15396
17101 15396
2974 15396
14836 15396
6009 15396
3463 15396
16401 15396
3482 15396
3741 15396
19681 15396
4903 15396
15281 157
3908 2926
2023 2354
17798 12084
4971 165
17903 8431
7941 5928
18776 19378
2712 19378
19378 19378
11669 19378
2742 19378
19855 19378
10138 19378
9706 19378
16161 19378
4123 19378
11944 19378
7941 19386
7582 19386
488 19386
18725 7792
16188 12728
2017 12728
4365 12728
1558 12728
2034 3152
15498 3152
6230 3152
16748 3152
13858 3152
9246 14359
5383 14359
19681 14359
19503 14359
17668 4957
8156 6643
19855 22056
3019 17628
17702 21302
19267 14738
1008 1777
4407 1777
21908 20384
3050 20384
20461 13884
13308 13884
9422 18085
21542 2311
761 14460
18259 11801
11850 11801
2742 11801
3463 14233
3741 14233
5528 14233
20171 10258
14049 10258
21542 19136
12452 11850
21302 17702
9367 3742
1637 6111
8375 15699
2742 7582
8218 7582
16743 7582
3989 14183
9422 14183
13058 14183
1849 14183
259 14863
12084 17798
6111 1637
3527 11036
12451 1111
16974 9235
6392 18839
16536 2935
12947 20408
8218 20408
2075 20408
3234 20408
755 20408
757 7052
18462 7185
9608 19013
3509 6870
18725 13002
7315 7694
6877 7694
878 2800
12451 2800
9422 5131
878 1303
3463 3146
7062 8490
11318 13129
11851 13129
11117 13129
21033 13129
19481 13302
18462 13302
15009 21609
3509 17290
12452 17290
12061 17290
2072 13114
971 21517
12469 12469
2425 21813
18403 18679
2145 7717
8431 17903
18658 17903
3309 16186
3463 16186
9114 16186
2883 7550
18725 4343
9422 18168
1452 1844
15083 19757
505 20043
2072 20043
19482 20043
20142 20043
20171 9360
2742 5813
17667 5813
5168 7696
18611 18611
1715 19405
5337 18463
10297 18463
18725 18463
13280 18463
12529 18463
4407 18463
2023 2270
9597 16773
18403 16773
2608 16773
796 16773
17694 16773
16229 16773
19482 21875
19558 21875
2017 21875
12242 12242
16186 9114
20142 17620
2079 17620
14003 14003
2270 14479
4233 4704
15512 11018
7088 17560
18403 16511
11697 2468
17694 2468
2742 11697
18403 9904
15878 15878
17560 21935
17012 21935
7088 21935
15698 21935
17667 21935
854 21935
17667 10961
19394 10961
19631 10961
18403 10961
1701 3267
18403 11055
1464 11055
17694 11055
9597 4268
2318 4268
1715 4268
21094 4268
13508 4268
9597 19128
1176 14193
17012 14193
2072 2106
3396 8722
16322 8722
14325 8722
12452 8722
883 17205
18725 17205
18201 10022
377 10022
17372 10022
15886 18594
18127 14312
15374 14312
3927 9610
10320 9610
8763 9610
3784 9610
3186 9610
17715 9610
13577 6466
14122 6466
5383 6466
10320 6877
7694 6877
12026 9422
5131 9422
12021 9422
14183 9422
14836 8765
20595 8765
20312 8765
11117 8765
6076 8765
2582 8765
12164 15512
11018 15512
878 13929
11324 11541
17743 11541
12564 10320
21553 10320
3463 10320
3741 10320
6877 10320
9610 10320
14367 10320
13325 3180
18077 3180
9476 3180
878 3180
12334 3180
1681 14367
10320 14367
6123 14367
15426 14367
3136 9979
9610 9979
5222 11743
5337 13658
2888 16146
1452 19264
11377 11050
1681 19460
2275 19460
15423 996
16198 14336
2425 3663
16789 13845
11552 13845
11930 6042
3741 6042
918 6042
967 8999
11841 8999
9822 8999
6076 8999
20413 8999
19460 5984
14111 5984
9664 4407
18463 4407
16294 4407
44 4407
1777 4407
19055 4407
1008 4407
21736 21061
3482 3224
14188 3224
19946 3224
19681 19503
14359 19503
15426 19503
3755 6855
8872 7209
18725 22103
17416 4253
6502 3186
9610 3186
6123 3186
878 3186
4642 7374
760 7374
2727 7374
8196 4370
757 7315
18127 17668
4957 17668
18725 17668
3463 17202
20343 17202
11375 17202
18968 17202
18109 17202
11541 17202
10875 18692
1359 14060
5316 14060
7941 21995
9664 19055
16294 19055
44 19055
1777 19055
1008 19055
4407 19055
1849 19769
19613 9097
20343 9097
18109 9097
16401 9097
16976 9097
14188 9097
13516 9097
9097 16401
13516 16401
14195 9476
12452 12832
878 9737
12715 5430
12354 19886
12615 19057
21061 9999
4440 4043
13568 15191
7325 5354
8707 15644
3927 9407
9610 9407
21897 9407
21032 20003
4926 3847
18968 20343
11112 20343
17743 20343
4440 20343
12164 1451
17717 1451
6851 1451
11851 15435
11443 10742
3463 19047
15592 19047
12532 21865
10706 10090
11841 8198
20413 8198
13825 8198
11443 8198
8951 8198
5316 1359
14060 1359
878 21083
20343 17743
18968 17743
11541 17743
20343 17397
9097 17397
5383 17397
16789 17397
18395 17397
9610 17715
10398 13971
264 14195
12564 15374
14312 15374
16029 13992
20461 1298
878 3563
19541 11291
3463 3912
3656 3656
1778 12571
19047 15592
18725 3963
3509 10553
18725 10553
20119 10553
488 10243
10118 2928
15405 20749
11670 10926
10564 19436
3463 11958
7261 11958
264 3831
13971 15647
17717 16795
11737 14589
21979 18928
7941 15386
11375 18109
11112 18109
16389 18109
8015 20599
5104 19849
16469 19849
5104 19380
20343 17436
11375 17436
18968 17436
18109 17436
11112 17436
15426 8442
17717 12054
12564 16801
2275 8824
9610 8763
3186 8763
2974 9921
7941 3330
16469 21095
15498 15068
11291 19541
15512 16449
12164 16449
20273 12715
5430 12715
12715 18161
14285 19039
8139 21597
20343 11112
11375 11112
18968 11112
11324 11112
18109 11112
16389 11112
11651 11112
18179 11145
10553 20119
5104 21982
206 15072
4003 14840
20599 8015
19460 13180
14594 13180
17290 12061
13845 11552
